0.239216
0.282353
0.243137
0.352941
0.313726
0.243137
0.368627
0.325490
0.254902
0.368627
0.345098
0.274510
0.298039
0.290196
0.262745
0.313726
0.317647
0.333333
0.309804
0.294118
0.258824
0.211765
0.164706
0.141176
0.164706
0.141176
0.149020
0.145098
0.133333
0.137255
0.172549
0.184314
0.333333
0.419608
0.576471
0.764706
0.576471
0.701961
0.772549
0.525490
0.576471
0.619608
0.443137
0.494118
0.517647
0.360784
0.376471
0.384314
0.247059
0.247059
0.231373
0.172549
0.156863
0.149020
0.164706
0.141176
0.141176
0.172549
0.133333
0.137255
0.176471
0.133333
0.137255
0.168627
0.137255
0.141176
0.156863
0.141176
0.141176
0.156863
0.152941
0.152941
0.192157
0.188235
0.188235
0.247059
0.207843
0.211765
0.301961
0.235294
0.247059
0.305882
0.250980
0.266667
0.278431
0.254902
0.262745
0.290196
0.266667
0.266667
0.247059
0.278431
0.231373
0.388235
0.329412
0.254902
0.380392
0.317647
0.247059
0.368627
0.341176
0.262745
0.305882
0.282353
0.250980
0.305882
0.321569
0.345098
0.301961
0.313726
0.278431
0.219608
0.168627
0.145098
0.176471
0.137255
0.145098
0.160784
0.137255
0.137255
0.168627
0.176471
0.317647
0.419608
0.568627
0.760784
0.576471
0.713726
0.792157
0.533333
0.603922
0.650980
0.462745
0.501961
0.521569
0.364706
0.380392
0.388235
0.254902
0.247059
0.235294
0.180392
0.152941
0.145098
0.188235
0.149020
0.149020
0.211765
0.145098
0.149020
0.215686
0.141176
0.149020
0.168627
0.145098
0.149020
0.172549
0.152941
0.156863
0.211765
0.168627
0.168627
0.274510
0.192157
0.192157
0.239216
0.200000
0.203922
0.231373
0.215686
0.223529
0.294118
0.247059
0.258824
0.372549
0.274510
0.278431
0.345098
0.266667
0.266667
0.227451
0.278431
0.235294
0.364706
0.329412
0.258824
0.368627
0.313726
0.247059
0.364706
0.325490
0.243137
0.305882
0.286275
0.247059
0.341176
0.345098
0.364706
0.337255
0.333333
0.305882
0.215686
0.180392
0.160784
0.164706
0.137255
0.141176
0.152941
0.137255
0.133333
0.172549
0.180392
0.294118
0.423529
0.498039
0.658824
0.572549
0.674510
0.760784
0.521569
0.607843
0.650980
0.462745
0.501961
0.513726
0.356863
0.368627
0.364706
0.223529
0.231373
0.192157
0.152941
0.149020
0.121569
0.160784
0.145098
0.137255
0.184314
0.152941
0.149020
0.200000
0.152941
0.156863
0.172549
0.149020
0.156863
0.160784
0.156863
0.160784
0.176471
0.160784
0.172549
0.215686
0.168627
0.180392
0.286275
0.211765
0.215686
0.294118
0.227451
0.223529
0.262745
0.247059
0.247059
0.301961
0.262745
0.266667
0.309804
0.270588
0.274510
0.223529
0.286275
0.235294
0.345098
0.325490
0.247059
0.364706
0.317647
0.239216
0.364706
0.325490
0.247059
0.309804
0.301961
0.258824
0.329412
0.325490
0.329412
0.298039
0.286275
0.282353
0.215686
0.184314
0.180392
0.196078
0.160784
0.156863
0.149020
0.145098
0.125490
0.192157
0.223529
0.266667
0.584314
0.529412
0.623529
0.721569
0.690196
0.788235
0.686275
0.701961
0.737255
0.666667
0.639216
0.631373
0.552941
0.525490
0.486275
0.490196
0.443137
0.313726
0.392157
0.290196
0.192157
0.282353
0.184314
0.164706
0.215686
0.145098
0.133333
0.184314
0.149020
0.141176
0.188235
0.152941
0.149020
0.160784
0.152941
0.156863
0.145098
0.156863
0.172549
0.172549
0.172549
0.188235
0.258824
0.203922
0.211765
0.298039
0.219608
0.223529
0.290196
0.247059
0.254902
0.262745
0.262745
0.274510
0.266667
0.270588
0.282353
0.223529
0.282353
0.227451
0.352941
0.325490
0.250980
0.372549
0.313726
0.250980
0.360784
0.325490
0.250980
0.298039
0.294118
0.262745
0.298039
0.301961
0.321569
0.294118
0.286275
0.282353
0.239216
0.196078
0.172549
0.211765
0.164706
0.156863
0.286275
0.262745
0.337255
0.584314
0.560784
0.588235
0.796078
0.564706
0.564706
0.843137
0.600000
0.650980
0.741176
0.560784
0.584314
0.749020
0.549020
0.541176
0.776471
0.611765
0.588235
0.831373
0.631373
0.600000
0.933333
0.619608
0.647059
0.858824
0.580392
0.639216
0.603922
0.411765
0.349020
0.360784
0.250980
0.176471
0.239216
0.156863
0.113725
0.188235
0.152941
0.156863
0.156863
0.164706
0.176471
0.168627
0.172549
0.188235
0.200000
0.196078
0.203922
0.274510
0.235294
0.239216
0.352941
0.262745
0.270588
0.317647
0.270588
0.286275
0.278431
0.266667
0.294118
0.219608
0.266667
0.223529
0.360784
0.325490
0.262745
0.372549
0.313726
0.254902
0.376471
0.325490
0.254902
0.309804
0.294118
0.262745
0.294118
0.290196
0.313726
0.294118
0.278431
0.262745
0.219608
0.188235
0.196078
0.219608
0.266667
0.313726
0.698039
0.596078
0.658824
0.976471
0.592157
0.588235
0.784314
0.368627
0.333333
0.713726
0.282353
0.286275
0.686275
0.250980
0.258824
0.701961
0.254902
0.250980
0.729412
0.282353
0.278431
0.741176
0.290196
0.313726
0.803922
0.341176
0.407843
0.835294
0.466667
0.521569
0.913725
0.607843
0.505882
0.827451
0.564706
0.541176
0.596078
0.423529
0.439216
0.254902
0.188235
0.129412
0.168627
0.164706
0.149020
0.227451
0.188235
0.200000
0.278431
0.219608
0.231373
0.270588
0.223529
0.231373
0.270588
0.262745
0.270588
0.376471
0.298039
0.317647
0.372549
0.290196
0.313726
0.215686
0.250980
0.223529
0.372549
0.333333
0.282353
0.364706
0.313726
0.258824
0.364706
0.329412
0.254902
0.317647
0.298039
0.258824
0.380392
0.325490
0.345098
0.321569
0.301961
0.278431
0.235294
0.309804
0.364706
0.721569
0.607843
0.701961
0.905882
0.552941
0.498039
0.854902
0.325490
0.270588
0.764706
0.258824
0.239216
0.737255
0.247059
0.258824
0.741176
0.254902
0.250980
0.760784
0.262745
0.250980
0.768627
0.258824
0.250980
0.772549
0.258824
0.227451
0.760784
0.250980
0.223529
0.717647
0.231373
0.200000
0.800000
0.337255
0.239216
0.811765
0.400000
0.490196
0.878431
0.592157
0.713726
0.752941
0.533333
0.435294
0.392157
0.239216
0.184314
0.235294
0.196078
0.188235
0.247059
0.203922
0.219608
0.270588
0.215686
0.223529
0.282353
0.250980
0.262745
0.337255
0.301961
0.321569
0.337255
0.301961
0.305882
0.207843
0.243137
0.215686
0.352941
0.317647
0.266667
0.349020
0.305882
0.254902
0.356863
0.333333
0.258824
0.317647
0.305882
0.266667
0.356863
0.329412
0.349020
0.407843
0.376471
0.388235
0.639216
0.584314
0.568627
0.890196
0.537255
0.498039
0.854902
0.352941
0.317647
0.835294
0.356863
0.321569
0.823529
0.466667
0.458824
0.870588
0.580392
0.631373
0.937255
0.694118
0.682353
0.945098
0.725490
0.678431
0.945098
0.674510
0.623529
0.874510
0.556863
0.474510
0.780392
0.400000
0.333333
0.764706
0.301961
0.262745
0.741176
0.243137
0.211765
0.749020
0.254902
0.231373
0.725490
0.309804
0.360784
0.925490
0.572549
0.741176
0.835294
0.568627
0.517647
0.380392
0.266667
0.172549
0.247059
0.203922
0.215686
0.258824
0.227451
0.223529
0.286275
0.231373
0.235294
0.290196
0.258824
0.274510
0.301961
0.286275
0.286275
0.203922
0.235294
0.200000
0.337255
0.309804
0.250980
0.345098
0.305882
0.247059
0.360784
0.329412
0.254902
0.317647
0.301961
0.262745
0.274510
0.333333
0.360784
0.588235
0.533333
0.580392
0.901961
0.517647
0.517647
0.835294
0.356863
0.325490
0.874510
0.431373
0.486275
0.980392
0.796078
0.792157
0.992157
0.964706
0.960784
1.000000
1.000000
1.000000
1.000000
1.000000
1.000000
1.000000
1.000000
1.000000
1.000000
1.000000
1.000000
1.000000
1.000000
0.968627
0.976471
0.886275
0.870588
0.917647
0.701961
0.690196
0.811765
0.443137
0.294118
0.749020
0.270588
0.188235
0.760784
0.270588
0.274510
0.709804
0.294118
0.356863
0.874510
0.560784
0.635294
0.788235
0.541176
0.560784
0.325490
0.243137
0.207843
0.223529
0.227451
0.223529
0.298039
0.254902
0.262745
0.341176
0.278431
0.282353
0.337255
0.290196
0.290196
0.219608
0.243137
0.200000
0.376471
0.317647
0.250980
0.368627
0.301961
0.239216
0.380392
0.341176
0.254902
0.337255
0.301961
0.262745
0.337255
0.396078
0.435294
0.666667
0.596078
0.619608
0.886275
0.439216
0.447059
0.768627
0.427451
0.454902
0.968627
0.854902
0.894118
1.000000
1.000000
1.000000
0.996078
1.000000
1.000000
0.992157
0.992157
0.996078
0.996078
0.996078
0.996078
0.996078
0.992157
0.996078
0.992157
0.992157
0.996078
1.000000
1.000000
1.000000
1.000000
1.000000
1.000000
1.000000
1.000000
1.000000
1.000000
0.933333
0.800000
0.843137
0.525490
0.403922
0.745098
0.278431
0.196078
0.749020
0.262745
0.215686
0.760784
0.337255
0.400000
0.882353
0.576471
0.596078
0.552941
0.403922
0.309804
0.286275
0.235294
0.227451
0.301961
0.262745
0.270588
0.301961
0.286275
0.282353
0.313726
0.294118
0.294118
0.254902
0.254902
0.215686
0.376471
0.317647
0.254902
0.352941
0.298039
0.235294
0.368627
0.345098
0.250980
0.333333
0.301961
0.274510
0.521569
0.490196
0.545098
0.745098
0.549020
0.509804
0.886275
0.380392
0.392157
0.933333
0.729412
0.807843
1.000000
1.000000
1.000000
1.000000
1.000000
1.000000
0.949020
1.000000
1.000000
0.984314
1.000000
1.000000
1.000000
1.000000
1.000000
0.996078
1.000000
1.000000
1.000000
1.000000
1.000000
0.949020
0.929412
0.921569
0.729412
0.858824
0.854902
0.619608
0.870588
0.874510
0.866667
1.000000
1.000000
1.000000
0.929412
0.835294
0.819608
0.517647
0.376471
0.717647
0.270588
0.235294
0.760784
0.282353
0.227451
0.815686
0.498039
0.415686
0.819608
0.556863
0.470588
0.439216
0.270588
0.258824
0.254902
0.239216
0.247059
0.294118
0.282353
0.282353
0.321569
0.301961
0.301961
0.239216
0.243137
0.211765
0.360784
0.321569
0.262745
0.345098
0.301961
0.239216
0.345098
0.329412
0.243137
0.337255
0.337255
0.325490
0.725490
0.560784
0.643137
0.796078
0.443137
0.431373
0.866667
0.447059
0.513726
1.000000
0.937255
1.000000
0.815686
0.803922
0.760784
0.486275
0.552941
0.407843
0.501961
0.650980
0.600000
0.690196
0.807843
0.952941
0.968627
0.992157
0.996078
1.000000
1.000000
0.996078
0.796078
0.780392
0.749020
0.419608
0.439216
0.400000
0.133333
0.290196
0.290196
0.043137
0.258824
0.298039
0.349020
0.549020
0.698039
0.819608
0.937255
0.996078
0.964706
0.843137
0.835294
0.756863
0.380392
0.325490
0.729412
0.239216
0.207843
0.709804
0.321569
0.360784
0.933333
0.592157
0.686275
0.596078
0.384314
0.384314
0.219608
0.227451
0.223529
0.278431
0.278431
0.298039
0.317647
0.305882
0.317647
0.196078
0.223529
0.192157
0.349020
0.313726
0.254902
0.360784
0.309804
0.250980
0.349020
0.321569
0.258824
0.360784
0.407843
0.345098
0.862745
0.592157
0.556863
0.815686
0.372549
0.376471
0.917647
0.701961
0.717647
0.952941
0.925490
0.905882
0.623529
0.521569
0.474510
0.388235
0.447059
0.345098
0.227451
0.325490
0.274510
0.254902
0.419608
0.541176
0.725490
0.870588
0.909804
0.992157
0.949020
0.913725
0.384314
0.458824
0.388235
0.239216
0.388235
0.478431
0.654902
0.694118
0.772549
0.729412
0.603922
0.733333
0.180392
0.250980
0.298039
0.274510
0.631373
0.686275
0.996078
0.984314
0.980392
0.847059
0.552941
0.427451
0.745098
0.266667
0.219608
0.741176
0.250980
0.317647
0.847059
0.486275
0.619608
0.678431
0.505882
0.466667
0.247059
0.250980
0.223529
0.235294
0.258824
0.282353
0.286275
0.298039
0.294118
0.211765
0.231373
0.192157
0.364706
0.325490
0.266667
0.356863
0.309804
0.254902
0.333333
0.325490
0.274510
0.372549
0.470588
0.403922
0.772549
0.552941
0.490196
0.745098
0.380392
0.443137
0.956863
0.835294
0.862745
0.917647
0.913725
0.870588
0.854902
0.815686
0.796078
1.000000
1.000000
1.000000
0.878431
0.694118
0.721569
0.239216
0.305882
0.333333
0.474510
0.811765
0.839216
0.960784
0.890196
0.866667
0.235294
0.305882
0.239216
0.454902
0.615686
0.752941
0.988235
1.000000
1.000000
1.000000
0.941176
1.000000
0.474510
0.435294
0.376471
0.227451
0.403922
0.466667
0.925490
0.988235
1.000000
0.968627
0.776471
0.619608
0.752941
0.309804
0.250980
0.733333
0.239216
0.266667
0.752941
0.415686
0.450980
0.745098
0.576471
0.494118
0.431373
0.345098
0.298039
0.258824
0.262745
0.278431
0.290196
0.313726
0.305882
0.227451
0.223529
0.180392
0.376471
0.329412
0.270588
0.376471
0.313726
0.270588
0.360784
0.337255
0.313726
0.423529
0.521569
0.509804
0.749020
0.466667
0.486275
0.835294
0.439216
0.600000
0.956863
0.941176
0.980392
1.000000
1.000000
1.000000
0.992157
0.996078
0.992157
1.000000
0.968627
1.000000
0.952941
0.733333
0.850980
0.207843
0.294118
0.337255
0.490196
0.796078
0.819608
0.956863
0.882353
0.866667
0.200000
0.278431
0.243137
0.498039
0.666667
0.760784
0.980392
0.996078
0.992157
1.000000
1.000000
0.984314
0.521569
0.505882
0.411765
0.270588
0.380392
0.470588
0.886275
0.960784
1.000000
0.996078
0.913725
0.784314
0.764706
0.411765
0.360784
0.729412
0.227451
0.200000
0.760784
0.400000
0.325490
0.764706
0.572549
0.454902
0.458824
0.349020
0.290196
0.309804
0.258824
0.270588
0.290196
0.282353
0.286275
0.203922
0.211765
0.188235
0.368627
0.325490
0.278431
0.384314
0.317647
0.266667
0.384314
0.345098
0.368627
0.486275
0.560784
0.572549
0.752941
0.423529
0.396078
0.890196
0.462745
0.662745
0.972549
0.960784
1.000000
1.000000
1.000000
0.996078
0.992157
0.988235
0.992157
0.843137
0.784314
0.690196
0.419608
0.407843
0.305882
0.305882
0.454902
0.501961
0.768627
0.956863
0.972549
0.968627
0.878431
0.850980
0.215686
0.294118
0.262745
0.474510
0.643137
0.756863
0.984314
1.000000
1.000000
1.000000
0.996078
0.988235
0.505882
0.509804
0.415686
0.274510
0.364706
0.435294
0.874510
0.952941
1.000000
1.000000
0.968627
0.862745
0.784314
0.462745
0.411765
0.717647
0.219608
0.219608
0.690196
0.313726
0.313726
0.768627
0.560784
0.447059
0.474510
0.368627
0.294118
0.321569
0.262745
0.270588
0.290196
0.270588
0.286275
0.192157
0.211765
0.184314
0.345098
0.317647
0.270588
0.364706
0.313726
0.266667
0.392157
0.356863
0.388235
0.494118
0.560784
0.572549
0.721569
0.388235
0.364706
0.901961
0.474510
0.698039
0.984314
0.972549
1.000000
0.996078
1.000000
0.988235
1.000000
1.000000
1.000000
0.768627
0.780392
0.666667
0.215686
0.301961
0.180392
0.243137
0.403922
0.423529
0.725490
0.850980
0.874510
1.000000
0.901961
0.890196
0.247059
0.305882
0.274510
0.462745
0.619608
0.737255
0.956863
0.996078
1.000000
1.000000
0.996078
0.996078
0.521569
0.533333
0.423529
0.266667
0.345098
0.419608
0.850980
0.949020
1.000000
0.992157
0.949020
0.843137
0.776471
0.415686
0.368627
0.717647
0.227451
0.231373
0.690196
0.325490
0.341176
0.749020
0.545098
0.454902
0.478431
0.384314
0.333333
0.305882
0.266667
0.282353
0.301961
0.294118
0.305882
0.243137
0.211765
0.188235
0.360784
0.313726
0.262745
0.360784
0.305882
0.258824
0.400000
0.364706
0.396078
0.509804
0.564706
0.584314
0.717647
0.376471
0.360784
0.878431
0.447059
0.674510
0.976471
0.968627
1.000000
1.000000
0.996078
0.996078
1.000000
0.992157
0.992157
1.000000
1.000000
0.976471
0.894118
0.733333
0.678431
0.282353
0.290196
0.286275
0.447059
0.694118
0.749020
0.992157
0.913725
0.925490
0.270588
0.317647
0.258824
0.450980
0.596078
0.741176
0.945098
1.000000
1.000000
0.988235
1.000000
0.996078
0.556863
0.560784
0.458824
0.258824
0.329412
0.407843
0.819608
0.933333
1.000000
0.984314
0.890196
0.772549
0.764706
0.400000
0.349020
0.705882
0.223529
0.231373
0.709804
0.349020
0.376471
0.741176
0.545098
0.470588
0.392157
0.309804
0.266667
0.341176
0.270588
0.290196
0.349020
0.301961
0.313726
0.235294
0.223529
0.200000
0.376471
0.325490
0.270588
0.376471
0.309804
0.250980
0.380392
0.352941
0.376471
0.498039
0.572549
0.580392
0.725490
0.384314
0.368627
0.847059
0.400000
0.603922
0.960784
0.937255
0.996078
0.913725
1.000000
0.996078
0.909804
1.000000
1.000000
1.000000
1.000000
1.000000
1.000000
0.949020
0.945098
0.313726
0.317647
0.313726
0.325490
0.600000
0.670588
0.964706
0.952941
0.945098
0.301961
0.360784
0.247059
0.380392
0.486275
0.635294
0.937255
0.952941
1.000000
1.000000
0.996078
1.000000
0.490196
0.454902
0.380392
0.203922
0.376471
0.454902
0.839216
0.937255
1.000000
0.921569
0.752941
0.627451
0.741176
0.309804
0.254902
0.709804
0.219608
0.250980
0.756863
0.400000
0.462745
0.698039
0.517647
0.462745
0.305882
0.274510
0.227451
0.278431
0.254902
0.266667
0.309804
0.286275
0.301961
0.211765
0.219608
0.184314
0.376471
0.329412
0.262745
0.372549
0.309804
0.243137
0.352941
0.333333
0.309804
0.427451
0.533333
0.494118
0.741176
0.419608
0.372549
0.811765
0.333333
0.470588
0.980392
0.882353
0.901961
0.827451
0.874510
0.772549
0.576471
0.619608
0.729412
0.784314
0.839216
0.925490
0.674510
0.603922
0.647059
0.258824
0.341176
0.321569
0.501961
0.725490
0.772549
0.988235
0.996078
0.960784
0.580392
0.556863
0.345098
0.321569
0.305882
0.305882
0.486275
0.513726
0.615686
0.533333
0.482353
0.552941
0.290196
0.321569
0.258824
0.400000
0.576471
0.639216
0.925490
0.913725
0.996078
0.827451
0.556863
0.454902
0.717647
0.250980
0.207843
0.705882
0.239216
0.286275
0.807843
0.466667
0.568627
0.635294
0.462745
0.443137
0.305882
0.262745
0.239216
0.250980
0.247059
0.250980
0.258824
0.258824
0.258824
0.211765
0.219608
0.188235
0.349020
0.309804
0.254902
0.349020
0.290196
0.239216
0.329412
0.309804
0.258824
0.368627
0.478431
0.407843
0.756863
0.470588
0.388235
0.796078
0.294118
0.313726
0.890196
0.647059
0.694118
0.988235
0.956863
0.941176
0.564706
0.462745
0.372549
0.133333
0.235294
0.196078
0.156863
0.313726
0.349020
0.360784
0.529412
0.619608
0.815686
0.929412
0.949020
0.996078
0.996078
0.984314
1.000000
0.945098
0.858824
0.607843
0.509804
0.482353
0.207843
0.286275
0.286275
0.184314
0.341176
0.364706
0.411765
0.549020
0.588235
0.843137
0.870588
0.909804
0.933333
0.749020
0.760784
0.725490
0.356863
0.298039
0.698039
0.239216
0.203922
0.721569
0.305882
0.321569
0.788235
0.509804
0.560784
0.521569
0.360784
0.364706
0.333333
0.247059
0.243137
0.298039
0.258824
0.262745
0.282353
0.266667
0.266667
0.215686
0.215686
0.188235
0.333333
0.294118
0.243137
0.321569
0.274510
0.231373
0.321569
0.305882
0.243137
0.360784
0.407843
0.352941
0.776471
0.513726
0.478431
0.803922
0.321569
0.294118
0.866667
0.435294
0.494118
1.000000
0.890196
0.945098
0.956863
0.933333
0.815686
0.768627
0.737255
0.647059
0.752941
0.772549
0.784314
0.913725
0.941176
0.992157
0.996078
1.000000
1.000000
0.992157
0.996078
0.996078
1.000000
1.000000
1.000000
0.956863
0.964706
0.956863
0.850980
0.882353
0.850980
0.866667
0.921569
0.901961
0.960784
0.980392
1.000000
0.968627
0.827451
0.823529
0.780392
0.470588
0.415686
0.705882
0.270588
0.239216
0.686275
0.231373
0.239216
0.741176
0.407843
0.415686
0.611765
0.486275
0.454902
0.286275
0.278431
0.282353
0.266667
0.235294
0.235294
0.317647
0.262745
0.258824
0.313726
0.266667
0.278431
0.207843
0.223529
0.196078
0.345098
0.298039
0.247059
0.329412
0.282353
0.235294
0.341176
0.313726
0.250980
0.349020
0.329412
0.325490
0.658824
0.513726
0.584314
0.721569
0.392157
0.372549
0.807843
0.305882
0.305882
0.901961
0.623529
0.682353
1.000000
0.972549
1.000000
1.000000
1.000000
1.000000
1.000000
1.000000
1.000000
1.000000
1.000000
0.996078
0.996078
0.992157
0.992157
0.992157
0.992157
0.992157
0.988235
0.992157
0.988235
0.992157
1.000000
1.000000
1.000000
1.000000
1.000000
1.000000
1.000000
1.000000
0.945098
0.815686
0.831373
0.792157
0.509804
0.474510
0.709804
0.301961
0.235294
0.654902
0.227451
0.200000
0.721569
0.345098
0.403922
0.815686
0.505882
0.529412
0.494118
0.352941
0.274510
0.274510
0.231373
0.223529
0.317647
0.247059
0.250980
0.305882
0.266667
0.270588
0.301961
0.282353
0.305882
0.200000
0.215686
0.192157
0.352941
0.298039
0.247059
0.341176
0.286275
0.235294
0.360784
0.317647
0.262745
0.352941
0.294118
0.298039
0.505882
0.486275
0.564706
0.694118
0.537255
0.486275
0.784314
0.305882
0.258824
0.690196
0.286275
0.313726
0.858824
0.603922
0.717647
0.992157
0.894118
0.976471
1.000000
0.988235
1.000000
1.000000
1.000000
1.000000
1.000000
1.000000
1.000000
1.000000
1.000000
1.000000
1.000000
1.000000
1.000000
1.000000
1.000000
1.000000
0.988235
0.941176
0.945098
0.882353
0.705882
0.670588
0.752941
0.447059
0.388235
0.690196
0.298039
0.262745
0.658824
0.235294
0.211765
0.733333
0.333333
0.313726
0.800000
0.490196
0.490196
0.545098
0.364706
0.364706
0.325490
0.227451
0.207843
0.290196
0.219608
0.215686
0.305882
0.223529
0.227451
0.262745
0.239216
0.250980
0.270588
0.274510
0.294118
0.188235
0.196078
0.176471
0.341176
0.286275
0.243137
0.333333
0.274510
0.227451
0.364706
0.313726
0.254902
0.356863
0.290196
0.274510
0.321569
0.368627
0.419608
0.600000
0.568627
0.658824
0.831373
0.466667
0.478431
0.756863
0.282353
0.235294
0.725490
0.254902
0.290196
0.796078
0.423529
0.462745
0.870588
0.600000
0.631373
0.901961
0.780392
0.835294
0.894118
0.843137
0.894118
0.898039
0.835294
0.878431
0.878431
0.784314
0.800000
0.827451
0.654902
0.674510
0.776471
0.482353
0.482353
0.709804
0.321569
0.290196
0.694118
0.258824
0.219608
0.670588
0.235294
0.211765
0.713726
0.349020
0.345098
0.796078
0.466667
0.494118
0.603922
0.376471
0.364706
0.239216
0.243137
0.227451
0.184314
0.192157
0.196078
0.250980
0.219608
0.203922
0.290196
0.247059
0.243137
0.254902
0.239216
0.258824
0.270588
0.266667
0.298039
0.215686
0.227451
0.200000
0.329412
0.278431
0.239216
0.325490
0.270588
0.231373
0.356863
0.313726
0.258824
0.368627
0.298039
0.262745
0.309804
0.321569
0.341176
0.403922
0.431373
0.525490
0.580392
0.490196
0.549020
0.752941
0.431373
0.411765
0.756863
0.290196
0.243137
0.737255
0.231373
0.200000
0.737255
0.254902
0.258824
0.741176
0.290196
0.337255
0.752941
0.329412
0.384314
0.756863
0.329412
0.368627
0.701961
0.313726
0.325490
0.682353
0.286275
0.282353
0.709804
0.250980
0.239216
0.721569
0.250980
0.231373
0.670588
0.247059
0.231373
0.717647
0.376471
0.349020
0.796078
0.505882
0.482353
0.505882
0.368627
0.384314
0.239216
0.235294
0.219608
0.207843
0.188235
0.168627
0.235294
0.203922
0.203922
0.270588
0.227451
0.215686
0.294118
0.258824
0.254902
0.278431
0.262745
0.270588
0.294118
0.286275
0.309804
0.196078
0.203922
0.176471
0.329412
0.278431
0.235294
0.317647
0.266667
0.231373
0.349020
0.305882
0.254902
0.360784
0.298039
0.270588
0.345098
0.317647
0.325490
0.368627
0.376471
0.352941
0.447059
0.447059
0.482353
0.647059
0.556863
0.619608
0.647059
0.490196
0.435294
0.580392
0.396078
0.352941
0.576471
0.396078
0.376471
0.556863
0.392157
0.372549
0.529412
0.384314
0.384314
0.521569
0.372549
0.364706
0.501961
0.364706
0.337255
0.498039
0.360784
0.341176
0.509804
0.360784
0.341176
0.505882
0.356863
0.341176
0.505882
0.388235
0.364706
0.568627
0.490196
0.466667
0.572549
0.490196
0.454902
0.411765
0.352941
0.286275
0.235294
0.207843
0.188235
0.180392
0.176471
0.172549
0.231373
0.203922
0.192157
0.270588
0.219608
0.227451
0.286275
0.250980
0.254902
0.349020
0.282353
0.278431
0.321569
0.282353
0.282353
0.200000
0.200000
0.176471
0.325490
0.274510
0.231373
0.305882
0.254902
0.219608
0.345098
0.301961
0.258824
0.368627
0.301961
0.278431
0.341176
0.305882
0.317647
0.407843
0.415686
0.447059
0.572549
0.611765
0.631373
0.752941
0.772549
0.768627
0.823529
0.839216
0.835294
0.843137
0.870588
0.866667
0.835294
0.862745
0.847059
0.741176
0.784314
0.764706
0.741176
0.800000
0.839216
0.788235
0.847059
0.854902
0.749020
0.788235
0.737255
0.713726
0.760784
0.776471
0.717647
0.796078
0.815686
0.717647
0.796078
0.796078
0.713726
0.788235
0.788235
0.674510
0.741176
0.823529
0.701961
0.725490
0.788235
0.647059
0.607843
0.525490
0.360784
0.298039
0.278431
0.172549
0.168627
0.184314
0.227451
0.207843
0.211765
0.258824
0.227451
0.235294
0.270588
0.247059
0.247059
0.325490
0.266667
0.258824
0.305882
0.258824
0.262745
0.203922
0.196078
0.188235
0.317647
0.266667
0.243137
0.301961
0.254902
0.227451
0.337255
0.294118
0.270588
0.380392
0.298039
0.298039
0.313726
0.294118
0.325490
0.423529
0.486275
0.525490
0.713726
0.839216
0.870588
0.952941
1.000000
1.000000
0.992157
1.000000
1.000000
1.000000
1.000000
1.000000
1.000000
1.000000
1.000000
1.000000
1.000000
1.000000
1.000000
1.000000
1.000000
1.000000
1.000000
1.000000
1.000000
1.000000
1.000000
0.984314
1.000000
1.000000
0.890196
0.996078
1.000000
0.921569
1.000000
1.000000
0.917647
0.992157
0.996078
0.882353
0.956863
1.000000
0.933333
0.941176
0.984314
0.733333
0.705882
0.635294
0.364706
0.325490
0.305882
0.207843
0.172549
0.184314
0.211765
0.192157
0.200000
0.219608
0.215686
0.227451
0.231373
0.231373
0.239216
0.262745
0.254902
0.250980
0.282353
0.258824
0.258824
0.211765
0.188235
0.188235
0.317647
0.262745
0.247059
0.301961
0.258824
0.227451
0.333333
0.298039
0.270588
0.376471
0.305882
0.305882
0.282353
0.294118
0.333333
0.380392
0.501961
0.564706
0.658824
0.874510
0.921569
0.647059
0.921569
0.929412
0.815686
0.988235
0.984314
0.996078
0.996078
0.992157
0.992157
0.992157
0.996078
0.996078
0.992157
0.996078
0.984314
0.996078
0.996078
0.792157
0.913725
0.937255
0.756863
0.850980
0.890196
0.631373
0.768627
0.788235
0.419608
0.698039
0.760784
0.741176
0.901961
0.964706
0.694118
0.831373
0.776471
0.584314
0.772549
0.815686
0.862745
0.933333
0.996078
0.705882
0.701961
0.623529
0.368627
0.329412
0.301961
0.215686
0.176471
0.184314
0.231373
0.188235
0.203922
0.247059
0.215686
0.223529
0.239216
0.227451
0.239216
0.282353
0.258824
0.274510
0.298039
0.274510
0.274510
