5.959726
13.158724
16.256023
10.679719
11.990509
12.883542
13.250286
15.247317
11.503090
7.608416
9.649786
10.719290
6.133586
10.544532
10.386996
11.617782
8.275710
11.019102
10.520226
6.720925
10.802073
10.693131
12.972664
13.311728
8.737391
8.106913
11.062499
16.397614
21.181471
13.562057
14.906984
13.580666
10.946320
12.948912
15.048545
18.443447
12.925403
12.684624
6.052233
16.442057
11.256829
15.800548
9.369667
11.401711
17.435762
7.892386
9.345511
15.211143
15.568274
17.003952
22.278975
13.717436
8.960253
10.869576
7.992550
8.501290
8.004020
12.179705
11.907418
13.349837
11.496696
9.096266
13.836377
16.612240
