-0.069447
0.040972
0.057122
-0.022335
0.023664
0.011248
-0.009423
-0.076027
-0.114443
-0.047293
0.040062
-0.015279
-0.048556
0.010896
0.002945
-0.016485
0.010430
-0.021168
0.047849
-0.047428
0.025909
0.071340
0.018075
0.020028
-0.065473
-0.031060
0.019428
0.008744
0.062202
0.062716
0.089101
-0.049277
-0.030515
-0.040515
-0.027305
0.030477
0.041017
0.026218
-0.055839
0.044076
0.014551
-0.053626
-0.002604
0.016042
-0.047898
-0.055849
-0.084223
0.024832
-0.009140
0.050687
-0.024306
-0.038484
-0.071120
-0.036209
-0.079566
0.030784
-0.060441
0.059026
-0.063555
0.078383
-0.033678
0.020985
-0.081036
-0.037887
