-0.331776
-0.200644
0.430271
-0.121941
0.162346
-0.200123
-0.194594
-0.080810
0.072485
-0.265008
-0.033886
0.068247
-0.396201
0.213477
0.044039
0.312136
-0.342325
-0.061484
0.431592
-0.118435
-0.181652
0.029169
-0.000765
-0.130644
0.206827
-0.321375
0.092932
0.367727
-0.057657
-0.004240
-0.033517
-0.052906
-0.442247
0.019640
0.406452
-0.172638
-0.253267
-0.170424
-0.109628
0.084646
0.087865
-0.292191
-0.071349
0.424735
-0.056522
0.042806
-0.164898
-0.117193
-0.279785
-0.030239
0.226957
0.072064
0.078445
-0.253844
-0.090934
-0.124357
-0.138685
-0.306473
-0.346469
0.273444
0.017522
0.374624
-0.128762
0.070932
-0.031711
-0.049463
-0.062893
0.230522
0.069089
0.133776
0.135343
0.016965
0.066295
-0.565350
-0.209287
0.249295
0.094172
0.357774
-0.261710
-0.095087
-0.301909
-0.084076
-0.231482
-0.065524
0.045219
0.004902
0.069391
0.014241
-0.087057
-0.333895
-0.347587
0.163036
0.162174
0.338799
-0.162383
-0.248696
0.067631
-0.043427
-0.100134
-0.127202
0.122054
-0.177327
0.019267
-0.330792
-0.496216
-0.488998
0.219636
0.075819
0.265005
0.180654
-0.082626
0.081077
0.071765
0.079349
-0.211661
0.220719
0.274465
-0.286709
-0.111672
-0.002550
-0.070932
-0.409479
0.004433
0.235325
0.295913
0.100076
-0.313271
0.002078
-0.197429
0.090152
-0.192122
0.166526
0.062127
-0.209177
0.032252
0.089524
-0.120364
-0.499237
0.107904
0.087492
0.094337
0.167767
-0.401081
0.026378
-0.113349
0.035119
0.113433
-0.108071
-0.164524
0.136762
0.080900
-0.143898
0.234780
-0.006629
-0.067965
-0.028410
-0.597568
0.211811
0.030227
0.184189
-0.345145
-0.030927
0.059104
-0.201122
-0.434882
0.201376
-0.129193
0.141526
0.404110
0.192880
-0.260918
-0.207957
-0.387738
-0.006869
0.144350
-0.360462
-0.214428
-0.161496
0.136285
0.076575
-0.429861
-0.045547
-0.074028
0.211462
0.062085
0.020087
0.017905
-0.236220
-0.086095
-0.184264
-0.065004
-0.379216
0.235116
-0.231242
-0.208372
0.022240
0.011019
0.152008
-0.010953
-0.210015
-0.101273
0.193430
-0.201379
0.120407
-0.113255
0.214663
0.144436
0.157456
0.198361
-0.228225
-0.389820
0.115596
0.057230
0.257671
-0.000451
0.008023
0.229948
0.300417
-0.122711
-0.182855
0.147777
0.184084
-0.135616
-0.124112
0.027631
-0.195103
-0.374326
0.205247
0.210735
-0.127447
-0.054237
0.092189
0.148630
0.051305
-0.063573
-0.040894
0.393172
0.057530
0.076913
-0.239592
0.038787
0.080980
0.138928
-0.035805
0.226218
0.036626
-0.047166
0.040326
-0.515633
0.022021
0.120241
0.107415
0.375499
-0.219088
0.131920
0.213857
-0.006956
-0.198600
-0.265473
0.213362
0.283334
0.178058
-0.141346
0.079278
-0.365100
-0.205552
0.430366
0.026425
0.201783
-0.192414
-0.072843
0.077948
0.216077
-0.039667
-0.292326
-0.011772
0.099082
-0.252109
-0.065625
0.069770
0.063640
0.112951
0.468305
0.081201
0.264356
-0.139751
-0.000934
-0.068550
0.259438
-0.093735
0.008615
-0.233965
-0.078294
0.320608
-0.023205
-0.038205
0.330582
0.364172
0.026305
0.020405
-0.553873
-0.034235
0.248572
0.253451
-0.111703
-0.087015
0.097689
-0.001749
-0.336852
0.370512
0.031706
0.189951
0.288220
0.474019
-0.409688
-0.159222
-0.302345
-0.088897
0.112097
-0.384181
0.050656
-0.131475
0.222872
-0.240351
-0.317475
-0.026774
0.073922
0.106543
0.052513
0.359400
-0.216136
-0.128320
0.153491
-0.186992
-0.147431
-0.388254
0.198119
-0.100156
-0.077728
0.154834
0.144044
0.266633
0.009009
0.072305
0.115532
0.236019
-0.000182
-0.208457
-0.221705
-0.230828
0.267734
0.045905
0.269100
-0.148306
0.044552
-0.050084
-0.024287
0.349833
-0.122404
0.227986
0.230569
0.203769
-0.039639
-0.452080
-0.110908
-0.320827
0.290195
-0.090990
0.422353
-0.098600
-0.307190
0.013317
-0.126362
0.040546
0.037572
0.173104
0.141956
0.476535
-0.078419
-0.373397
-0.054328
-0.177401
0.167597
-0.237135
0.314385
0.099393
0.215326
0.044902
0.368321
0.227792
-0.064484
-0.070543
-0.442259
0.149578
0.213399
0.041056
0.149042
0.010820
0.322967
0.155953
0.411055
0.152301
-0.064119
0.098037
0.264504
0.060950
0.010472
0.082629
-0.173565
0.197517
0.342329
-0.233050
0.274751
-0.381373
-0.042274
0.173226
0.186968
-0.111961
0.011670
0.149449
0.083415
-0.250635
-0.197358
0.040773
-0.124083
0.321834
0.412004
-0.162200
-0.008641
-0.382249
0.153742
0.286843
