-0.681151
-0.478718
-0.608715
-0.616975
-0.295004
-0.473485
-0.551468
-0.502225
-0.675367
-0.379604
-0.507299
-0.657552
-0.542121
-0.838463
-0.607344
-0.518294
-0.467826
-0.523447
-0.636135
-0.637396
-0.528813
-0.534183
-0.600497
-0.495566
-0.646828
-0.554262
-0.585255
-0.575194
-0.557636
-0.538219
-0.479839
-0.504181
-0.462765
-0.687311
-0.660012
-0.560098
-0.564550
-0.523531
-0.532217
-0.508025
-0.601566
-0.637119
-0.506775
-0.521641
-0.675587
-0.546129
-0.703479
-0.543756
-0.688029
-0.380524
-0.406854
-0.712313
-0.549971
-0.568521
-0.632805
-0.470696
-0.744581
-0.626078
-0.517564
-0.538839
-0.446940
-0.538041
-0.486327
-0.629907
