0.939841
0.862058
0.839925
0.770165
0.664995
0.827739
0.702995
0.821524
0.921588
0.746613
0.871840
0.955460
0.882239
0.904910
0.854881
0.829225
0.716395
0.906423
1.014591
0.825325
0.751675
0.732706
0.934012
0.796837
0.899129
0.829757
0.871146
0.932762
0.793171
0.895214
0.716671
0.835449
0.676605
1.003076
0.834285
0.826183
0.839488
0.856006
0.891294
0.815807
0.843493
0.865164
0.732129
0.784680
0.874697
0.734679
0.926692
0.903756
0.927418
0.671884
0.770905
0.850881
0.934744
0.919874
0.841891
0.650666
0.997418
0.970074
0.847967
0.827282
0.855284
0.787344
0.742627
0.840333
