-2.484539
-3.692386
-4.904719
-3.524923
-3.232375
-1.710083
-4.375765
-4.425230
-4.014874
-2.657888
-2.738493
-3.147084
-2.409895
-4.060474
-4.266299
-3.022616
-2.978590
-3.269982
-3.262202
-3.239217
-3.285874
-3.568600
-4.189002
-3.618803
-3.874387
-2.667167
-2.742288
-3.643228
-6.402061
-3.571071
-3.507288
-4.348910
-2.324234
-3.241189
-4.914667
-4.339169
-3.973264
-3.018715
-2.658588
-2.935464
-3.839203
-5.050041
-2.909498
-3.106895
-4.998113
-2.678096
-3.292033
-3.335011
-4.128050
-3.433557
-4.027425
-4.279498
-2.657627
-4.104124
-2.670198
-2.905883
-3.540121
-3.686921
-3.638086
-3.722566
-1.728255
-1.812117
-4.895046
-5.053580
