0.949469
0.978995
1.018549
1.160879
0.881977
1.029199
1.069654
1.073358
1.104999
1.092755
1.049630
1.342765
1.130754
1.090196
1.141533
1.038869
1.041332
0.987683
1.057475
0.954516
1.035489
1.021343
0.859606
0.997712
0.997517
0.987951
0.873194
0.927245
1.094431
0.919428
1.028807
1.046459
1.399490
1.071434
0.994451
0.867310
0.968965
1.036084
1.041925
1.264016
1.238087
1.138211
1.211939
1.050700
1.087018
1.040680
0.944828
1.133844
1.164058
0.957764
0.956936
0.947199
1.158022
0.983070
1.088893
1.092510
0.973367
0.947378
1.029186
1.126473
0.946708
1.346515
1.028632
1.261139
1.195896
0.956428
1.034489
1.115788
1.126131
0.970708
0.878907
0.944117
1.033834
1.077022
1.083460
0.844182
1.030831
1.044745
0.913499
1.005547
1.036517
0.954177
1.193304
0.993561
1.170729
1.050345
1.042460
1.010189
0.982119
0.967613
0.979173
1.249115
1.222462
1.173748
1.126816
1.212916
1.187431
1.066221
1.128214
1.078271
1.148066
1.053746
1.056834
0.975375
1.002620
1.053669
1.064913
0.850330
0.992294
0.973971
1.241355
1.029847
1.101454
1.223160
0.858608
0.855398
0.961003
0.972213
0.988785
0.996239
0.974110
1.031100
1.024242
1.139727
1.109928
0.840492
0.934284
1.178805
