0.645787
0.722649
0.645347
0.625500
0.592784
0.607004
0.884868
0.699322
0.817870
0.695552
0.767655
0.590812
0.623464
0.804856
0.897054
0.808497
0.562013
0.624625
0.619059
0.864659
0.886269
0.745927
1.013845
0.638683
0.625720
0.782447
0.852661
0.703800
0.644450
0.656726
0.673665
0.753964
0.742169
0.746537
0.803593
0.688197
0.627043
0.662170
0.793521
0.602062
0.723587
0.732254
0.641376
0.614589
0.673152
0.632914
0.752319
0.588602
0.693910
0.601492
0.688540
0.709935
0.779318
0.779906
0.734679
0.732034
0.644802
0.669757
0.707627
0.612044
0.807486
0.618057
0.655645
0.543019
0.611663
0.642820
0.693292
0.529500
0.876223
0.675940
0.941000
0.915838
0.760869
0.668425
0.688424
0.618655
0.910384
0.917561
0.710624
0.652118
0.789122
0.762122
0.866487
0.513040
0.501809
0.735078
0.683566
0.789524
0.868647
0.765788
0.752715
0.798014
0.779012
0.789069
0.765477
0.728100
0.822447
0.627420
0.697619
0.797396
0.694220
0.671523
0.572700
0.865875
0.687139
0.811503
0.800854
0.912369
0.764948
0.724832
0.604898
0.703240
0.728949
0.728111
0.719278
1.062179
0.669551
0.636037
0.749893
0.726930
0.888380
0.632054
0.624036
0.597097
0.654620
0.668879
0.740955
0.742838
