-0.944188
-0.770734
-0.828927
-0.922248
-0.923031
-0.762872
-0.921709
-0.893212
-0.787882
-0.903154
-0.845439
-1.080366
-0.887124
-0.954104
-0.933375
-0.908729
-0.951553
-0.975033
-1.024987
-0.735207
-0.805461
-0.909339
-0.703381
-0.809575
-0.860742
-0.753719
-0.691099
-0.791192
-0.966483
-0.836870
-1.004103
-0.863642
-0.931842
-0.723319
-0.865974
-0.858034
-0.793527
-0.983831
-0.959499
-1.053739
-0.955483
-0.992299
-0.936003
-0.878917
-0.807536
-0.916935
-0.795539
-1.080277
-0.897430
-0.864095
-0.759067
-0.832936
-0.926278
-0.769484
-0.812928
-1.005957
-0.898038
-0.824355
-0.982592
-0.954700
-0.923822
-1.178855
-0.771801
-1.110264
-1.093889
-0.769939
-0.971362
-0.996632
-0.870544
-0.868704
-0.777442
-0.851208
-0.984376
-0.825933
-0.931483
-0.681969
-0.834160
-0.865121
-0.823796
-0.902979
-0.829776
-0.661400
-1.068878
-0.761284
-1.070016
-0.951817
-0.854970
-0.790759
-0.850085
-0.834210
-0.882962
-0.952623
-0.991912
-1.056803
-1.029980
-1.074888
-0.859006
-0.902287
-0.965713
-0.975197
-0.970707
-0.972579
-0.977352
-0.786349
-0.882196
-1.008731
-0.852601
-0.807584
-0.817612
-0.872518
-1.092846
-0.852711
-1.040276
-1.072668
-0.744624
-0.581617
-0.757598
-0.851174
-0.896749
-0.947116
-0.824421
-0.966728
-0.824890
-0.951083
-0.845573
-0.716291
-0.910642
-0.896221
