0.013789
-1.150664
-0.379238
-0.653860
-0.192089
-0.756657
-0.987109
-0.683833
-0.476629
-1.005368
-0.049693
-0.954803
-0.616245
-0.741883
-0.872847
-0.875343
-0.788020
-0.427487
-0.538330
-0.392940
-0.981754
-0.898976
-0.281320
-0.261144
-0.650120
-0.326752
-0.506137
-0.070803
-0.821409
-0.557283
-0.769350
-0.898481
-0.735756
-0.919220
-0.998570
-0.565939
-0.496763
-0.880029
-0.510136
-0.884555
-0.569429
-0.442639
-0.853529
-0.399841
-0.329998
-0.211965
-1.153507
-0.157448
-0.633888
-0.864297
-1.260897
-0.027254
-0.761830
-0.842879
-0.672305
-0.901959
-0.305028
-0.734238
-0.845421
-0.540965
-1.300330
-0.631530
-1.053066
-0.163681
-0.692425
-0.685654
-0.714963
-0.484357
-0.678840
-0.893192
-0.526655
-1.255492
-0.792269
-0.728819
-0.567449
-0.706925
-0.905583
-0.956494
-0.748129
-0.696491
-0.690188
-0.429156
-0.937772
-0.447221
-0.746024
-1.149986
-0.589684
-0.810714
-0.686946
-0.790602
-0.926296
-0.678999
-0.952447
-0.390437
-0.925786
-0.829424
-0.665825
-0.655660
-0.930803
-0.682658
-0.383227
-0.965074
-0.497514
-0.681783
-0.603012
-0.354661
-1.170887
-0.200291
-0.821870
-1.237713
-0.608665
-0.406557
-0.963080
-0.817957
-1.133350
-2.120745
-0.732971
-0.302373
-0.787770
-1.027959
-0.690206
-0.553580
-0.574817
-0.213576
-0.652568
-0.738900
-1.120961
-0.601570
