-0.019385
-0.031873
0.061889
-0.023761
0.016969
-0.031676
-0.037573
0.031185
-0.005482
-0.029551
0.063460
-0.079999
-0.070302
-0.051724
0.068579
-0.004930
0.001401
-0.042728
0.000463
-0.018416
-0.022942
0.038700
0.013809
-0.030092
-0.026602
0.014502
0.008996
0.022963
-0.059858
-0.004868
-0.024886
-0.015832
0.006822
-0.009522
0.030114
-0.007561
-0.006500
0.019583
0.010992
-0.007713
-0.039736
-0.022688
0.028404
0.011714
0.025189
0.027406
0.008859
-0.040722
-0.007301
-0.048706
-0.016968
0.013579
-0.003989
-0.031557
-0.037881
0.002905
-0.020605
-0.025665
-0.007349
0.032936
-0.012838
0.024721
-0.053294
-0.055280
0.009959
-0.043802
-0.013616
0.026771
0.016886
-0.042617
0.020978
0.002845
-0.027417
-0.007478
-0.005006
-0.027264
0.019670
0.018318
0.033373
-0.037107
0.004651
0.016190
-0.065598
-0.032682
0.033931
-0.012924
0.053309
-0.029902
-0.009579
-0.027721
-0.003070
-0.028334
0.074153
-0.001064
0.019379
-0.026727
-0.057850
0.045157
0.021729
-0.001892
0.032546
-0.011098
-0.002086
-0.024224
0.024990
-0.028739
-0.020832
0.000183
0.023918
-0.011609
0.008176
0.013668
0.016284
-0.016778
0.050318
-0.025127
0.005116
-0.063924
-0.022736
-0.004190
0.032678
-0.036397
0.014190
0.003034
-0.002115
-0.032666
-0.005607
-0.019383
