0.073900
0.129034
0.101310
-0.214400
0.149347
0.042712
-0.047522
-0.121142
-0.030294
-0.120871
0.070006
0.291854
-0.267307
0.010963
0.125506
-0.068116
-0.299081
0.070181
-0.037667
0.127023
0.194789
-0.001942
-0.085937
0.250062
-0.165256
-0.245299
-0.027762
0.197212
0.162442
0.200334
-0.129572
0.017632
0.184996
0.007481
0.068660
-0.039597
0.075098
-0.232515
-0.285837
0.181247
-0.098335
-0.316458
0.143742
-0.116185
-0.194413
-0.001727
-0.184625
-0.124059
0.227251
-0.020275
-0.081197
0.138892
0.243050
-0.083019
-0.270210
-0.290008
-0.205592
0.115758
-0.232378
0.182011
0.239066
-0.208312
-0.049373
-0.124928
-0.222609
-0.008834
0.279791
-0.134045
0.016180
0.100385
0.094618
0.000790
0.087797
-0.017798
0.119194
0.163020
0.062214
0.072322
-0.075600
0.068397
0.112669
-0.023488
0.174103
-0.075799
0.036517
-0.139109
-0.122519
0.199982
-0.011777
-0.276961
0.140526
-0.087163
-0.107042
0.241478
0.196220
-0.023411
0.176453
-0.130828
0.005694
-0.067079
0.276213
-0.055032
0.136331
0.054630
-0.319656
0.059936
-0.020977
-0.280957
0.028525
-0.266532
-0.135029
-0.151178
0.070598
0.101535
-0.045351
0.221450
0.095403
-0.150863
-0.204693
0.020441
-0.085715
0.080974
-0.077924
0.296360
0.270516
-0.009073
-0.105324
-0.277626
-0.266190
0.095435
0.132490
-0.067410
0.219062
0.077474
0.133816
-0.081150
-0.063097
0.059909
0.179339
0.012211
-0.022230
-0.071380
0.186567
0.165133
-0.071507
-0.355020
0.097057
-0.162683
-0.262828
-0.184234
0.069896
-0.119827
-0.220067
0.074018
-0.472948
-0.005010
-0.033750
-0.644008
-0.162694
0.071442
-0.105827
-0.147321
0.218597
0.183835
-0.058380
0.147823
-0.041204
0.132020
0.160739
0.235641
-0.009023
-0.130118
-0.078166
-0.052831
-0.245603
0.020634
0.092086
-0.091705
-0.207948
-0.042854
-0.041960
-0.230425
0.018296
-0.374483
-0.147360
0.229642
-0.356006
-0.099060
-0.002045
-0.116020
-0.194221
-0.380939
-0.062078
-0.270176
-0.311751
0.092087
0.206401
-0.188740
-0.128732
0.152966
-0.038662
0.019963
-0.017067
0.178181
0.249715
-0.037811
0.241903
0.150720
0.125647
-0.129409
0.073499
0.005341
-0.084735
-0.128657
-0.117497
0.116583
-0.217233
-0.162296
-0.213281
-0.204274
-0.012145
-0.002129
0.203572
0.126692
0.102830
-0.325511
0.015261
-0.157470
-0.131085
-0.210212
-0.195561
0.018292
-0.143496
0.113863
0.036863
0.044708
-0.113278
-0.095519
0.107746
-0.037651
0.108796
0.323181
0.296385
0.036687
0.068294
0.137788
-0.000857
-0.260349
0.053026
-0.008204
0.047144
0.276780
0.181023
-0.267013
0.116675
-0.041607
-0.357995
-0.048206
-0.200813
-0.235729
0.152851
0.236329
-0.146832
0.098612
0.074870
-0.087116
-0.122964
0.115343
0.051808
0.223634
-0.198791
0.130169
0.075552
0.027345
0.115066
-0.249504
-0.148701
-0.303820
-0.342586
-0.134322
-0.009762
0.071769
0.141092
0.220799
0.198935
0.237903
0.136601
0.128772
0.054068
-0.028819
-0.065712
-0.060677
0.065494
-0.058497
-0.109068
0.101745
-0.199624
0.007261
0.054281
-0.024523
0.097470
0.148484
-0.283575
-0.026751
-0.116170
-0.214073
0.128821
0.271296
0.005927
0.043900
0.173501
-0.107233
0.041631
-0.011105
-0.221815
-0.153917
0.195978
0.125952
0.091854
0.115844
-0.223340
-0.049058
0.037032
-0.284991
-0.008668
0.228251
0.125206
-0.159238
0.190906
-0.127744
0.038298
-0.067585
0.172188
0.211365
-0.053393
0.072684
0.154598
0.070952
0.195115
0.155234
-0.020872
0.077897
-0.001407
-0.283447
-0.132302
-0.282872
-0.175114
-0.133883
-0.047570
-0.266619
-0.141599
-0.095699
-0.157499
-0.074219
0.119436
-0.108802
0.071640
0.169863
-0.167282
-0.193838
0.059352
0.056961
0.130014
0.130109
-0.014537
0.005783
0.118084
-0.057692
-0.261111
0.142356
0.059602
0.207922
-0.031492
0.174265
0.250551
-0.198683
-0.212963
-0.198573
0.163914
-0.035919
-0.055080
0.091109
-0.177626
0.129937
0.175373
-0.144055
0.216532
-0.252828
-0.217030
-0.287518
-0.192924
-0.143561
-0.142223
0.063656
0.165227
0.255040
0.169685
-0.222011
-0.169197
0.077010
-0.205478
0.184634
0.119815
-0.059759
0.289796
0.161743
0.255012
0.190731
-0.021580
0.045993
0.098809
-0.235117
-0.292666
-0.205365
0.131353
0.058164
0.065495
-0.021259
0.147783
-0.048378
-0.141546
-0.054430
-0.058024
0.185188
0.238037
0.009247
-0.075811
-0.117171
0.015068
-0.175079
-0.171258
-0.026490
-0.098150
-0.003037
0.207592
-0.121134
0.022913
-0.016437
0.194532
-0.002566
0.202878
-0.053751
-0.048353
0.116742
-0.034090
-0.317063
-0.239768
-0.328093
-0.259904
-0.311125
0.195063
0.116259
-0.006442
-0.062994
0.153050
-0.018687
0.050272
0.261279
-0.047816
-0.226816
0.134353
0.107267
-0.421251
-0.240308
0.112987
-0.020244
-0.294834
0.074658
0.197758
0.252904
0.100552
-0.087092
0.185422
0.006534
0.228978
0.141865
0.153764
-0.050814
0.078937
-0.126463
-0.161586
0.064232
-0.178198
-0.208369
0.049695
0.018751
-0.073907
0.282463
0.093409
-0.026955
0.148549
-0.054670
0.005739
0.137243
0.029895
0.095904
0.012848
0.069242
-0.282316
-0.069143
-0.274220
-0.237941
0.134455
0.093449
-0.183522
0.205806
-0.171420
-0.125664
-0.249226
-0.208531
-0.133925
0.159507
0.292777
0.040567
0.161611
0.134422
0.228297
0.140137
-0.003576
-0.048613
-0.058833
0.257101
0.000670
0.067894
0.103906
-0.130204
0.096484
0.128611
-0.124467
-0.030410
-0.228930
0.303999
-0.025932
-0.159599
0.049095
-0.246359
-0.223782
-0.106811
-0.229548
-0.270343
-0.002963
0.066466
-0.012939
0.137308
0.056991
0.037802
-0.228410
0.195952
-0.094570
-0.119826
0.025761
-0.306027
-0.216212
0.279649
-0.269488
-0.031116
0.186195
0.074399
-0.009487
0.139448
0.010587
-0.035339
0.297134
-0.208164
-0.166017
-0.022806
0.036231
-0.068334
-0.090443
-0.203453
0.246875
0.064322
-0.238331
0.204147
0.161472
0.055105
0.123719
-0.157122
0.161995
0.033046
0.057764
-0.222980
0.113493
-0.047413
-0.265694
-0.170771
-0.111117
0.156379
0.062860
-0.180541
0.090528
0.174467
0.034341
-0.035172
-0.133164
-0.101961
-0.028812
-0.259955
-0.225900
-0.112329
-0.233578
0.098736
0.088746
-0.199712
0.060028
0.047199
-0.043071
0.208887
0.164150
-0.283948
-0.026475
-0.059459
0.204657
0.142012
0.070547
0.044367
0.022364
0.198730
-0.011595
0.084114
0.177710
0.013111
-0.029081
0.012164
0.142255
-0.118380
-0.183419
-0.076741
-0.065637
-0.362462
0.223135
0.047797
0.131001
0.248304
0.019013
-0.135876
0.129643
0.035156
-0.034007
0.165077
-0.006577
-0.028321
0.057615
-0.072530
-0.037811
-0.035632
-0.228996
-0.055157
0.112692
0.152876
-0.040146
-0.246365
0.090581
-0.006145
-0.398811
-0.016682
-0.218007
-0.085448
0.289384
0.323319
0.118065
0.206329
0.118582
0.004033
-0.010863
-0.116661
-0.028305
0.110954
0.166318
-0.007298
-0.081689
0.030007
-0.257614
0.034251
-0.182218
-0.259128
-0.154041
-0.107013
-0.057432
0.088467
0.173375
-0.085317
0.099743
0.213170
-0.162716
-0.184565
0.193358
-0.031739
0.072407
0.129336
-0.146568
0.233461
0.146439
-0.133600
-0.167369
-0.009621
-0.158960
-0.047661
0.212431
-0.102191
0.225866
0.133212
0.202027
0.025355
0.131946
-0.154656
-0.113981
-0.179677
-0.173540
-0.060842
-0.265762
0.240798
0.258668
0.161057
-0.097689
-0.080051
0.038741
-0.179924
0.042247
-0.184366
0.162796
0.253643
0.162801
0.109836
-0.098696
0.150684
-0.121885
-0.004037
-0.244974
0.287970
0.211774
-0.221249
0.166805
-0.096621
-0.201819
0.096166
-0.089548
-0.346463
0.162548
-0.019556
-0.068619
-0.083020
0.126795
0.085417
0.213269
-0.140176
-0.058592
-0.027619
0.025937
-0.098382
0.085125
-0.006786
-0.096478
-0.150345
0.105341
0.116528
0.095110
-0.092967
0.022518
-0.037256
-0.258738
-0.188526
-0.104698
0.019741
0.150716
0.119414
0.077592
-0.004412
0.204035
0.059496
-0.069166
0.263660
0.207982
0.198181
-0.051998
-0.036520
0.117021
-0.073301
-0.316074
-0.352263
0.012169
-0.079980
-0.144557
-0.282223
-0.048616
-0.284430
0.072138
0.067172
-0.106343
0.126657
0.168535
0.104506
0.020991
-0.230970
-0.327547
0.121468
-0.076533
-0.024940
0.227071
0.280979
0.153643
-0.053638
-0.068629
-0.077795
0.022067
0.097177
-0.196706
0.177802
-0.059340
0.180285
0.111530
0.207398
0.229841
0.191458
0.124577
0.131951
-0.016327
0.187972
0.011431
0.362066
0.384616
-0.026417
-0.099505
0.171939
0.089702
0.127648
0.043723
-0.156802
-0.099596
-0.024374
-0.045683
0.115403
-0.104541
0.098208
-0.314551
0.208352
0.067240
0.161588
-0.070666
-0.032659
-0.009726
0.191503
0.154536
0.229934
0.014505
0.086549
-0.298042
-0.064431
-0.248746
-0.093591
-0.080281
-0.156916
0.062852
-0.161945
0.114243
-0.146537
-0.165536
-0.125445
0.213161
-0.219589
0.073982
0.276751
0.109133
-0.062318
