0.106990
-0.026687
-0.010432
0.016361
-0.028586
-0.021129
0.029900
-0.019805
0.002329
-0.020689
0.052557
0.012824
-0.029238
-0.009968
-0.007205
-0.023089
-0.020595
0.012086
0.008632
0.061704
-0.013438
-0.009525
0.009196
-0.001374
-0.020956
-0.018860
0.062972
0.075903
-0.024907
0.008653
0.009839
0.015836
0.091522
0.009468
0.072286
0.010337
0.060136
0.115158
0.085893
0.010854
-0.014785
0.009901
-0.021564
-0.007685
-0.018776
-0.007861
-0.015945
0.010994
-0.026811
-0.018453
0.012099
0.002588
-0.022772
-0.025044
0.016073
0.010767
0.068197
-0.009139
-0.017802
-0.007265
0.006831
0.011294
0.004384
0.082770
0.016484
-0.022528
-0.014447
-0.001022
0.014484
0.064920
0.015608
-0.017065
0.019843
-0.000673
-0.029470
-0.011883
0.009254
0.011461
-0.006146
0.024897
0.011566
0.004608
0.040546
-0.024540
0.000713
0.034146
-0.011460
0.076190
0.000214
0.091862
-0.017369
-0.003251
-0.019097
0.005633
0.001377
0.068210
0.008479
-0.006700
0.001271
0.005591
-0.025106
0.014766
-0.017433
0.102544
0.092587
0.043276
0.009855
0.127756
-0.026989
0.000626
-0.001346
-0.014863
0.001795
0.003984
-0.007310
-0.020292
0.013889
-0.008842
0.118304
-0.012197
0.004020
-0.013094
-0.010460
-0.003633
0.004426
-0.017364
0.007497
-0.017418
0.049651
-0.002959
-0.020887
-0.014840
0.013440
0.015461
-0.002533
-0.023991
-0.017088
0.071854
-0.061345
-0.008866
0.086555
-0.017480
0.015739
0.007948
0.008205
0.004474
0.070343
0.001657
-0.003569
0.037557
-0.023421
-0.012406
0.004204
-0.015662
0.006998
0.007976
-0.008802
0.011631
-0.020624
0.069085
-0.004165
-0.001484
-0.000099
0.151442
-0.012544
-0.022168
-0.032704
-0.011555
0.004451
-0.026884
-0.000775
-0.001646
-0.024179
-0.049404
-0.002340
-0.024100
-0.008863
0.009966
-0.011668
0.057600
0.014814
-0.011467
0.006644
0.004959
-0.003854
0.005101
0.109559
0.031663
-0.021845
0.038055
-0.022000
-0.025143
-0.017735
0.027505
0.008767
0.005271
-0.021701
0.072872
0.101357
-0.003154
-0.003014
-0.027456
0.003877
0.101125
-0.001050
-0.000812
-0.026573
-0.028476
0.004350
-0.021726
0.005918
0.008455
-0.016302
0.009974
-0.014028
0.010943
-0.016677
0.067145
0.012530
-0.002349
-0.020315
0.009534
0.015668
0.008799
-0.020789
0.008605
-0.017941
-0.009509
-0.017159
0.096933
-0.037920
-0.022246
-0.017168
-0.008047
-0.020912
0.001239
-0.006853
0.017202
-0.012863
-0.017037
-0.011069
-0.006614
-0.009376
-0.016265
-0.024067
-0.022896
-0.034502
0.007427
0.064003
-0.025633
-0.023135
0.010084
-0.046856
0.017587
-0.018461
0.039149
