0.077968
0.033689
-0.035942
0.240187
-0.020056
-0.019026
0.078923
-0.011677
-0.010187
0.012819
0.031151
0.064538
0.310942
-0.053316
0.043518
0.244934
0.027281
0.015618
-0.032933
0.108888
0.026137
-0.018030
0.077209
0.047202
0.198820
0.054746
0.157458
0.143298
0.181869
0.078663
0.036407
0.238770
0.172118
-0.022540
0.233786
-0.048839
-0.012701
0.305205
-0.043745
-0.005986
-0.089011
0.097251
-0.017760
-0.011038
0.068914
-0.009349
0.011041
0.034555
0.210653
-0.011014
-0.026924
-0.042220
0.153669
0.046080
-0.010467
-0.032975
-0.109840
0.018450
-0.105548
-0.034414
-0.024892
0.220337
0.045181
-0.064987
