0.259807
0.003813
-0.011130
0.053457
0.136951
0.080964
-0.064478
-0.010977
0.118992
-0.046888
0.163184
-0.009557
-0.010155
-0.014887
-0.039975
0.138978
0.047762
-0.062043
0.092749
0.057940
0.013874
0.084274
-0.027234
0.208127
0.087334
0.242534
0.035576
0.217399
-0.059232
0.268025
-0.055542
0.154218
0.049218
-0.015603
0.133160
-0.016065
0.016388
0.137133
0.237453
-0.011154
-0.009266
0.053655
0.213887
0.217731
-0.031048
0.225131
-0.033642
-0.002184
0.057459
0.122339
0.095258
-0.132071
0.237032
0.083354
-0.005531
0.084338
0.241017
-0.015972
-0.048241
0.018795
0.204228
-0.022794
0.108877
-0.061444
