0.238824
0.121611
-0.253145
-0.424832
0.252889
0.117581
0.297852
-0.261340
-0.304204
-0.067073
0.243257
0.261333
0.179066
-0.123531
0.230944
-0.323752
0.106663
-0.054658
0.144803
0.210501
0.052204
0.131916
0.034098
0.104906
0.243657
0.259946
0.262330
0.005104
-0.315459
-0.119009
0.056832
0.255331
-0.279777
0.101251
-0.272487
-0.363856
-0.686424
-0.023756
-0.159260
0.204866
-0.328010
-0.489515
-0.295703
0.198188
0.257864
0.176699
-0.224786
0.240302
0.087482
-0.078933
0.394596
0.357429
-0.132751
-0.218348
-0.152538
-0.023151
-0.600814
-0.035566
0.053154
0.255808
0.213214
-0.384494
0.114452
0.245809
0.008454
0.069897
-0.076988
-0.290436
-0.309915
-0.027138
-0.481777
0.159324
-0.146155
0.044608
0.100408
-0.191853
-0.339682
-0.353458
-0.658985
-0.310279
-0.032785
-0.087607
-0.013661
0.151150
-0.025017
0.212757
0.046430
0.167953
0.062042
0.121810
0.089686
-0.033031
-0.220992
0.157136
0.119081
-0.128460
0.052151
-0.199485
0.202475
-0.212805
0.081119
0.158460
-0.069287
-0.183538
-0.239812
0.162923
-0.136398
0.102204
-0.162463
-0.041474
-0.171732
-0.024569
-0.056450
-0.135414
-0.137182
-0.091417
0.173836
-0.179033
0.062467
0.166597
-0.229217
0.098650
-0.173714
-0.218463
-0.203234
-0.177545
-0.208590
0.130891
0.088513
-0.609201
0.172766
-0.480498
-0.236129
-0.324639
-0.090750
-0.537779
-0.422494
0.081364
0.078246
-0.388526
-0.237104
-0.171925
-0.501655
0.128451
-0.006241
-0.497291
0.272516
-0.026387
-0.122943
-0.111605
-0.349668
-0.025618
-0.057666
-0.511811
0.243010
0.018011
-0.214895
-0.293332
-0.043106
-0.082692
-0.304467
-0.073992
-0.231081
-0.394375
-0.220850
-0.105298
-0.770791
-0.000736
-0.854187
0.216671
-0.388085
-0.190933
-0.098826
0.219936
-0.122955
0.049667
0.184513
-0.194773
-0.011738
0.114378
-0.197317
0.142514
-0.084039
0.061269
0.041057
0.056453
0.028364
0.177427
0.034912
0.117140
-0.131941
0.032673
-0.191234
-0.092056
-0.146272
0.030326
-0.240038
0.090039
0.122276
0.000143
0.184247
-0.123178
-0.250983
0.073454
-0.042078
0.176390
-0.190156
-0.066989
-0.198238
0.161368
-0.000894
-0.205476
0.090049
-0.169169
0.038320
-0.066155
0.142719
0.131556
-0.020017
0.138610
-0.105808
0.215549
0.079990
0.026515
-0.108576
0.151442
0.045468
0.129990
0.000694
-0.230934
-0.066079
0.141397
-0.221287
-0.123616
-0.147526
-0.146305
0.159807
0.087162
0.113794
0.119317
0.111417
0.018243
-0.115197
0.112503
-0.147835
-0.026846
0.201975
0.172161
-0.022546
0.016912
0.096608
0.017374
0.039988
-0.081204
0.022867
-0.195438
-0.050250
-0.216686
-0.003754
-0.274900
-0.200067
0.145814
-0.344491
0.067521
0.202668
0.109274
0.301540
-0.097902
-0.051090
0.115845
-0.762797
-0.349643
-0.508350
-0.265279
0.262544
-0.150681
-0.264546
0.027631
0.137335
0.138182
-0.104665
0.209213
0.412288
-0.322483
0.051247
0.078358
0.247076
0.060317
0.357525
0.053353
-0.005458
0.242448
0.172065
-0.309741
-0.459353
-0.203496
-0.059543
0.105302
-0.148805
-0.173773
0.065577
0.174599
0.089955
-0.059867
-0.123815
-0.191632
0.016454
0.121390
-0.084753
0.221009
0.061104
-0.025805
-0.182141
0.242829
-0.218139
0.185516
0.037867
0.212579
0.189141
-0.120037
-0.040781
-0.204003
-0.194349
0.209139
-0.066282
-0.184161
-0.173897
0.131770
-0.033060
0.186889
-0.150936
0.212916
-0.075442
-0.214005
-0.191894
0.129568
-0.053534
0.151917
0.038717
0.196784
-0.159455
-0.227491
-0.146866
-0.002894
-0.164096
0.132581
0.081765
0.141326
-0.143269
-0.208739
0.079169
-0.018013
-0.113164
0.035925
-0.216752
-0.004323
0.136490
-0.160008
-0.220255
0.181568
0.036848
0.200887
-0.072977
0.150764
0.219776
0.185830
0.206381
-0.180780
-0.116948
0.058877
-0.202132
0.127662
0.054962
-0.025378
0.176850
0.083159
0.055757
0.105133
-0.066443
0.043081
0.005985
0.224957
-0.164324
-0.011898
-0.051400
-0.117626
-0.045070
-0.098807
-0.077534
-0.270406
-0.105390
0.214097
0.206166
-0.227898
-0.294846
0.130913
0.220915
0.151374
0.167768
-0.168364
-0.204412
0.239743
0.097613
-0.050934
0.035314
0.286540
-0.049716
0.122667
0.024711
0.121026
-0.083786
0.095025
-0.025521
0.302346
0.364827
0.015943
-0.172389
-0.421943
-0.407607
0.027858
0.210526
-0.590334
-0.129074
0.132506
0.093526
-0.494022
0.021295
-0.068887
0.209486
0.061414
-0.353821
-0.306951
-0.015143
-0.009736
-0.208007
-0.157105
0.131612
-0.135456
-0.087579
0.243086
-0.125251
-0.293247
-0.086446
0.271517
-0.463946
0.242722
-0.073197
-0.309709
-0.491011
-0.138612
0.025320
0.084369
-0.129813
-0.066388
-0.305092
-0.592322
-0.245075
-0.625741
-0.265025
-0.206980
-0.299112
-0.022266
0.230476
-0.296537
0.215810
-0.109833
0.321138
0.176618
0.349518
0.154469
-0.223125
0.264040
0.060458
-0.116488
-0.150460
0.180478
0.229902
0.028711
-0.126504
-0.264541
0.205648
-0.173764
0.018895
0.380393
-0.065076
0.034774
-0.111747
0.078081
0.096512
-0.057759
0.319884
-0.162541
0.326071
-0.586152
0.269164
-0.373828
-0.137856
-0.335895
-0.364137
-0.573990
-0.035138
-0.307971
0.053638
-0.537995
0.126100
-0.157265
-0.100047
-0.362482
-0.373260
-0.312991
-0.529254
-0.671569
-0.248266
-0.263015
-0.371068
0.172337
-0.056956
0.212555
0.059616
-0.096465
-0.197663
-0.109332
0.111334
0.124126
0.311900
0.032299
0.075440
0.098259
-0.092096
-0.029927
0.258638
-0.297887
-0.039853
0.071008
0.132554
-0.311695
0.327014
-0.147778
-0.153620
0.116216
-0.092692
0.007295
-0.422872
0.267576
0.292264
-0.240786
0.032895
-0.144491
0.111804
-0.625296
-0.153296
-0.326980
-0.614531
-0.246125
-0.445739
-0.643580
-0.024576
0.149287
-0.168707
-0.173547
-0.064157
-0.183907
-0.190233
-0.091731
-0.230418
-0.133397
-0.134253
-0.058501
0.020711
0.012726
0.198612
-0.093827
-0.193141
-0.002566
0.251747
-0.012259
-0.163183
-0.270224
-0.305046
0.211162
-0.132791
0.225984
-0.194117
0.164153
0.093081
-0.163971
-0.087365
0.178418
-0.018503
0.070424
0.158189
0.210035
-0.064945
0.085883
0.117623
-0.043406
0.126136
-0.225607
-0.128081
-0.049969
-0.239984
0.071264
-0.573298
-0.336769
-0.431368
-0.552978
-0.060794
-0.313795
-0.218541
-0.100175
-0.037821
0.097350
0.015997
-0.114113
-0.044706
-0.044887
-0.267903
0.214400
-0.066054
-0.120297
0.135218
-0.144736
0.098782
-0.641409
-0.092555
-0.190987
-0.337901
-0.515125
0.339750
-0.317034
-0.635504
-0.341391
0.078758
-0.015520
-0.189633
0.079695
0.199390
0.094221
0.119559
-0.161637
-0.197182
-0.316549
0.237526
-0.088489
0.169618
-0.022366
-0.051567
0.143499
-0.171087
0.334056
-0.089891
0.222565
-0.170086
0.234663
-0.321684
0.107839
-0.533390
-0.514776
-0.125775
-0.350450
0.077471
-0.489251
-0.660993
0.116785
0.337260
0.091352
0.118556
-0.291403
-0.107576
0.236106
0.352481
-0.036130
0.097554
-0.162634
0.059633
-0.321861
0.306625
-0.645939
-0.287118
-0.099824
0.007535
-0.106423
-0.125825
0.347043
-0.119167
0.072390
-0.475732
-1.078138
0.086692
0.050951
-0.164891
0.115199
0.027701
0.259370
-0.224265
-0.222503
-0.078600
0.116905
0.202765
-0.175868
0.236130
-0.184331
-0.018937
0.131492
-0.099035
-0.133571
-0.062630
-0.032937
-0.063594
-0.270094
-0.202652
0.127334
-0.009370
0.144966
0.001184
-0.223087
0.027734
0.169448
-0.103638
-0.143685
0.057323
0.127581
-0.121594
-0.058153
0.042923
-0.204558
0.070980
-0.004508
0.042136
-0.020719
0.138933
-0.095517
0.002662
0.027202
-0.227819
0.017616
0.317804
-0.434120
-0.108246
-0.078595
0.146467
-0.055638
-0.070418
0.127590
-0.082169
-0.106337
0.022101
-0.234729
-0.041877
-0.114026
-0.311682
-0.101905
0.151451
0.162553
-0.029311
-0.140836
-0.221038
0.000626
-0.159535
-0.069111
-0.185743
0.203964
-0.002783
0.100345
0.111607
-0.207564
0.062551
0.043804
-0.095119
0.162690
0.090203
-0.306878
-0.092350
-0.226874
0.049592
-0.192586
-0.235173
-0.293248
-0.556095
-0.131967
-0.309471
-0.315299
-0.287654
-0.030364
-0.199059
-0.209103
0.209275
-0.471343
-0.016792
-0.183606
-0.068041
0.005475
0.115189
-0.138810
-0.002602
0.099994
0.058383
-0.162553
-0.262148
-0.286965
-0.135616
-0.236992
0.181040
0.407209
0.064488
0.238236
0.014946
-0.557503
-0.419082
-0.150200
-0.245801
-0.571676
-0.199177
-0.479753
-0.268314
0.047064
0.002156
-0.025371
-0.002510
-0.195570
-0.285582
0.139957
-0.045810
-0.363407
-0.434083
0.006413
-0.315662
-0.269654
-0.283756
0.250986
-0.020768
-0.138321
-0.100234
-0.436387
-0.238177
-0.111822
-0.119574
0.055145
-0.082267
-0.008468
-0.282517
0.087451
0.061119
-0.103286
-0.206138
0.166896
-0.510470
-0.029515
-0.279714
-0.125749
0.215218
0.154793
0.147775
0.144655
0.186283
-0.041142
0.175034
0.044322
-0.255348
-0.393648
-0.253894
-0.310405
0.076617
0.015811
-0.386281
-0.065080
0.085638
-0.046453
-0.181666
0.305116
-0.186753
0.191400
-0.225695
0.281496
-0.054391
-0.315753
0.176130
-0.012986
0.334172
-0.010178
0.304486
-0.193055
0.109212
0.245579
-0.127693
-0.315291
-0.098174
0.013385
0.068598
0.262605
0.037997
-0.153397
-0.257859
-0.499063
0.014680
-0.516277
0.402454
-0.218983
0.152752
-0.373871
-0.002090
0.331411
-0.025015
-0.016333
0.085037
0.167094
0.169334
0.093712
0.055128
0.112027
0.094610
0.117180
-0.017594
-0.089341
0.130652
-0.202555
0.167500
-0.025790
-0.245034
-0.132179
-0.085226
-0.240999
0.025425
0.114596
-0.030177
-0.143236
0.176673
0.197491
0.134664
0.199327
-0.084022
-0.123908
0.080357
-0.193127
-0.218186
0.161461
-0.223037
-0.129188
-0.145346
-0.051118
-0.024539
-0.035232
-0.159390
0.223441
-0.163905
0.070242
0.305356
0.264696
0.075630
-0.345109
0.031922
-0.074185
-0.180069
0.263723
0.047087
0.256170
-0.087728
-0.063271
-0.248884
0.287760
0.000055
-0.127683
0.133831
0.041034
-0.309836
0.217926
-0.434426
0.117086
-0.266236
0.135204
-0.219952
-0.518119
-0.034480
-0.411900
-0.520957
-0.487504
-0.077770
-0.235405
-0.014916
0.117879
-0.040037
-0.053855
-0.232281
0.221245
0.206016
0.117215
0.290255
-0.218816
-0.096862
0.083280
-0.219190
-0.292717
-0.081084
0.001948
-0.128822
-0.210877
-0.310080
0.188255
-0.207256
-0.100155
-0.222268
0.223627
-0.075410
0.071912
0.067299
-0.260619
-0.043476
0.055439
-0.223024
-0.433565
-0.177438
-0.125766
-0.212205
-0.266612
-0.268526
0.074166
-0.053359
-0.035977
0.328869
-0.170233
-0.268365
-0.152251
-0.228718
-0.035799
-0.475321
-0.329468
0.272188
-0.301487
0.082839
-0.127224
0.085602
0.067808
0.244480
0.148155
0.252732
0.147671
0.264693
0.259302
-0.232640
-0.046094
0.302145
-0.143258
-0.198351
0.108823
-0.238740
0.194027
0.180679
-0.050521
-0.540493
-0.375196
-0.338195
-0.284619
-0.556447
0.085254
-0.102993
-0.609404
-0.036158
-0.486996
-0.202184
-0.110918
-0.153080
0.001745
-0.116078
-0.307384
-0.385931
-0.164368
-0.225688
-0.128666
-0.077462
-0.471707
-0.376382
-0.160855
-0.066529
-0.434990
-0.730502
0.066177
-0.252661
0.167081
0.075671
-0.218990
0.065589
-0.503736
0.043860
0.299784
0.308803
0.346157
-0.507385
-0.389948
-0.536130
-0.469148
-0.077654
-0.121814
-0.163180
0.035924
-0.133911
0.104364
-0.142886
0.245166
0.112172
-0.574225
0.084315
0.194974
-0.274359
-0.073605
-0.066448
0.023524
0.476937
-0.396762
0.093715
0.003415
-0.430966
-0.132352
-0.108687
0.064107
0.417905
-0.179158
-0.685309
-0.523917
-0.191295
-0.155491
0.149291
0.242700
-0.417401
-0.196706
-0.000447
0.060747
0.294822
0.261068
-0.168584
0.105865
0.339586
0.153784
-0.015233
0.078618
-0.406256
0.085467
-0.486657
-0.037493
-0.103928
0.075185
0.331181
0.228279
-0.068259
0.205630
-0.188166
-0.700960
-0.074907
0.244799
-0.089756
0.278506
-0.057692
-0.537997
-0.187006
-0.045064
0.346253
-0.132362
0.205934
-0.358979
0.018131
0.311402
0.140804
-0.400385
-0.187085
0.235076
-0.216192
-0.116037
0.278888
0.090385
0.185907
-0.160489
-0.205565
0.159747
-0.355513
-0.137557
0.215025
-0.519672
-0.183411
0.268343
-0.067129
-0.274721
-0.075834
0.177412
-0.388151
-0.247973
0.152732
-0.525703
-0.298630
-0.545965
-0.333991
-0.023099
-0.317527
-0.371754
0.226950
-0.058902
0.084803
-0.125252
0.022067
0.220046
0.282088
-0.008672
0.198222
0.300206
0.289522
0.062994
-0.249809
-0.295093
-0.510403
-0.219427
-0.594833
-0.453667
-0.898876
-0.551858
-0.651014
-0.313632
-0.331804
0.156429
0.131483
-0.288492
0.007369
-0.270307
-0.339191
0.123510
-0.177395
0.161664
0.070886
0.214885
0.134900
0.255902
0.312238
0.205770
-0.031628
0.058431
-0.106429
0.328275
0.354657
0.298911
-0.107831
-0.605499
0.358686
0.100297
-0.051765
0.046256
0.144131
-0.393520
0.130717
-0.291825
-0.310828
-0.111838
0.325854
0.137987
0.140625
-0.147172
0.136993
0.402268
0.302775
-0.484262
-0.191853
-0.222784
0.097395
0.117832
-0.049220
-0.648503
-0.081338
-0.123499
-0.183657
0.383943
-0.203161
-0.244347
-0.035227
-0.480553
-0.187731
-0.024153
-0.203245
0.045282
0.128429
0.197382
0.152804
0.143741
0.254481
-0.353071
-0.062006
-0.553937
0.267590
-0.082030
-0.018402
0.021645
0.159434
0.254503
-0.187270
0.290285
-0.223752
-0.277397
0.070338
-0.254389
-0.524237
0.093295
-0.105945
-0.124344
-0.288720
-0.386053
-0.002423
-0.154079
-0.224852
-0.300482
-0.081013
0.004422
-0.319929
-0.486422
-0.252819
0.188871
-0.035925
0.230608
0.032635
0.296846
0.095363
0.125353
0.059608
0.132442
0.168914
0.219581
-0.121090
-0.152632
0.051941
-0.628404
-0.378417
-0.150251
-0.252133
0.128038
-0.248734
-0.086873
0.036904
-0.501900
-0.250197
-0.430424
-0.447399
-0.133981
-0.195129
-0.009191
0.034103
0.229317
0.256692
0.186349
-0.311304
-0.073076
0.076539
-0.203911
-0.097386
-0.232790
-0.587452
0.016770
-0.064524
-0.060538
-0.261308
0.039249
-0.182794
-0.222799
0.036556
0.015001
0.141695
-0.083931
0.208922
-0.041730
-0.396465
0.119095
-0.245670
-0.056015
0.255980
-0.008192
0.067537
0.279834
0.257258
0.301004
0.319149
0.171133
0.056362
0.175194
0.362051
-0.108909
-0.378013
-0.230662
0.235464
-0.217309
0.009186
0.016484
-0.082573
0.126996
0.037673
-0.266040
0.203765
0.117381
0.003888
-0.059340
-0.031180
-0.133556
-0.316981
-0.185238
0.476740
-0.269518
-0.228493
0.148377
-0.227914
-0.035131
0.062847
-0.127063
0.007107
-0.273269
-0.342696
-0.658621
0.016914
0.198281
-0.045461
0.354638
0.099771
-0.384494
0.062174
-0.493863
-0.079076
0.112339
0.063766
-0.164822
-0.043707
0.045049
0.139668
0.158054
-0.057004
-0.631961
-0.184614
-0.096937
0.193698
-0.124963
0.273888
-0.210706
-0.228808
0.138171
-0.328114
0.314389
0.207521
-0.296060
0.378789
-0.201324
-0.231490
-0.492884
0.068201
0.133447
-0.287133
0.222989
0.185868
0.227603
-0.167606
0.347307
-0.017135
-0.067218
-0.237605
-0.006822
0.075205
-0.417272
-0.038018
-0.315914
-0.154804
-0.198523
0.065718
-0.413226
-0.094129
0.203854
0.259466
0.089005
-0.034510
0.257822
0.231721
-0.173462
-0.138998
0.081709
0.416213
0.044673
0.407686
0.071110
0.427395
0.027692
0.262055
-0.256827
-0.141237
-0.285471
0.144756
0.074510
-0.182071
-0.105030
-0.540063
0.284088
-0.325403
-0.786102
0.060117
-0.018708
-0.446219
0.043129
0.183790
-0.055455
-0.127106
0.008052
-0.023757
-0.590663
0.100245
-0.358655
0.209782
-0.069892
0.146995
-0.172628
0.105792
0.073719
0.074058
-0.016933
-0.094570
0.009277
-0.059051
-0.093642
0.089154
0.104384
-0.201005
0.046865
-0.247423
-0.090372
-0.098480
0.025021
-0.062766
0.011599
0.010753
-0.084828
-0.311027
0.084472
-0.221533
-0.074477
0.204425
0.049737
0.131655
0.044749
0.101334
-0.225826
-0.008885
0.168082
-0.341973
-0.209135
-0.078298
-0.244132
-0.232955
-0.036531
-0.025762
0.217382
0.177682
0.156254
0.043448
0.171050
-0.147063
0.122175
-0.140080
-0.073513
0.009985
0.218517
0.213999
-0.097363
0.100034
0.079500
0.013922
0.210091
0.056682
-0.106140
-0.111523
-0.009779
-0.239270
0.036881
-0.073372
-0.126902
0.126948
0.150982
0.035894
-0.139703
0.219183
-0.226464
-0.124853
0.221980
-0.146397
0.001228
0.103108
-0.159043
0.139914
-0.078875
-0.243156
0.122942
-0.143107
0.103597
-0.186749
-0.127738
0.186944
-0.141687
0.003520
0.084402
0.034209
-0.167430
-0.243252
-0.027400
-0.104414
-0.304192
-0.717643
-0.958850
0.241942
0.018231
-0.492791
-0.314000
-0.288174
-0.592755
-0.243935
0.011032
-0.010579
-0.265872
0.191315
0.002278
-0.335267
0.029937
-0.285706
0.228206
0.123592
0.334531
-0.069295
0.154331
0.034067
0.164366
-0.329217
-0.010995
-0.098073
0.172296
-0.516853
-0.097846
-0.079600
-0.118910
-0.090483
-0.155670
-0.233988
-0.028955
0.123766
0.158225
0.037124
-0.177579
0.155770
0.010111
0.059791
-0.118581
0.005129
0.036541
0.114991
-0.145478
-0.185373
0.206381
-0.219502
-0.086196
-0.169087
0.128917
-0.108544
-0.122371
0.046378
-0.033904
-0.146972
0.062798
-0.119527
-0.104575
-0.251541
-0.094496
-0.042192
0.080583
0.016407
-0.068027
0.180421
-0.143953
-0.152577
-0.207528
-0.176463
-0.151259
0.163723
0.123495
0.042435
0.166257
0.100673
0.091346
-0.163466
0.145998
0.085055
-0.086949
0.198490
0.013210
0.073192
0.139329
0.102493
-0.021957
-0.060617
-0.067861
0.122951
0.212414
-0.157994
-0.178692
-0.023410
-0.175518
-0.226871
-0.177871
0.135208
-0.110644
-0.203643
-0.256883
0.056977
-0.205089
-0.163549
-0.150925
0.200163
-0.020761
0.061510
-0.071300
-0.120934
0.050739
-0.154682
-0.176134
-0.216487
0.133736
-0.197394
-0.085967
-0.139261
0.095144
-0.208922
0.083929
0.374722
0.166438
-0.343344
0.197660
0.173895
-0.120265
-0.139083
-0.310899
-0.189045
0.225202
0.056935
0.259570
-0.416766
-0.395635
0.198334
0.090663
-0.139467
-0.551710
0.203874
-0.050726
-0.265797
-0.400019
-0.114340
-0.495348
0.046614
0.089911
-0.362459
-0.215313
-0.310167
-0.085961
0.287647
0.147170
0.042541
-0.150286
0.109032
0.091040
-0.151259
-0.076676
0.143844
-0.405331
-0.265802
-0.335210
0.331080
-0.185381
0.090455
-0.309293
-0.130689
0.104104
-0.148147
-0.131772
-0.218143
-0.079171
0.116558
-0.177833
-0.306436
-0.991166
0.050542
-0.053907
-0.350363
-0.287690
0.281025
0.189259
-0.464159
-0.365883
0.132025
-0.380579
-0.040946
-0.339780
-0.411535
0.179078
-0.121331
-0.392638
0.225972
0.010993
-0.047944
-0.590043
-0.276187
0.158068
-0.464467
-0.257637
0.172640
-0.124188
-0.210095
-0.154131
-0.148987
0.081490
0.173490
-0.085469
-0.077144
-0.186490
0.065999
-0.214151
-0.148552
-0.049983
-0.137422
0.074665
-0.058214
0.193029
-0.198203
-0.209892
0.158287
0.008387
-0.073636
0.201111
-0.136594
-0.042955
0.033554
0.092706
0.124112
0.028408
-0.050097
0.049960
0.219074
-0.003549
-0.215017
-0.166979
0.118527
-0.051832
0.225520
0.044097
0.089781
0.039338
-0.113258
-0.162754
-0.167131
-0.092844
-0.122257
0.201603
0.196496
-0.155972
-0.127816
0.146253
0.228720
0.202768
-0.092929
0.037297
0.192697
-0.135833
-0.185353
-0.010657
-0.193914
-0.009400
-0.169025
-0.128106
0.107354
0.020655
0.167456
-0.071090
0.227256
0.180398
-0.185653
0.026365
0.208112
-0.064723
-0.006107
0.161733
-0.204963
-0.032628
-0.142791
0.098684
0.210069
0.135427
-0.115275
-0.030433
-0.134914
-0.020755
-0.015575
-0.149445
-0.162974
-0.183223
0.043709
0.350408
-0.056566
0.354620
0.132120
0.202928
-0.316280
-0.146755
-0.041772
0.112924
-0.019608
-0.313000
0.194935
-0.123933
-0.042597
-0.439353
-0.439889
-0.677797
-0.221495
-0.029709
-0.542600
-0.251456
-0.092887
0.145601
-0.313457
0.059842
-0.092349
-0.229153
0.216966
-0.242546
0.054765
-0.083805
-0.061938
-0.389494
-0.017603
-0.784831
-0.327366
-0.507130
-0.390750
0.272808
0.091139
-0.139010
0.178117
-0.079244
0.030751
-0.083052
-0.070464
0.070729
0.141402
-0.046984
0.285409
-0.160860
-0.600681
-0.205321
0.070203
-0.167004
0.213220
0.118632
0.135985
-0.522743
-0.374959
-0.486960
-0.120908
0.184418
-0.420444
-0.070318
0.024949
-0.299185
-0.490298
-0.259438
-0.006174
-0.017883
-0.269843
0.261986
0.285743
0.268029
0.206732
0.114239
-0.071133
0.240033
0.102700
0.177529
-0.068358
-0.064109
-0.346694
-0.211459
-0.104046
-0.169953
-0.021901
-0.318673
-0.080741
-0.028617
-0.210145
-0.282148
-0.070726
-0.319082
-0.076055
-0.308805
-0.134908
0.145090
-0.523669
0.176635
-0.259973
-0.404146
-0.026557
0.105645
0.350333
-0.326822
-0.281071
-0.507646
-0.106099
-0.067885
-0.378032
-0.277308
-0.183257
-0.579053
-0.254759
-0.099607
0.005113
-0.141196
-0.253725
-0.248819
-0.065661
0.190898
0.142773
-0.148396
-0.097253
0.106141
0.243267
0.238661
-0.260068
0.052416
0.093327
0.394728
-0.231989
-0.037780
-0.075845
-0.097407
-0.391757
0.124682
-0.587443
-0.291711
0.097003
0.217551
-0.119872
-0.121027
-0.158921
-0.538399
-0.056872
-0.211708
-0.199120
-0.616032
-0.185665
-0.202621
-0.342970
-0.267043
-0.303646
-0.393871
-0.267471
0.182018
-0.100934
0.055509
-0.368898
0.124096
0.154488
-0.012257
0.218766
0.161612
0.434907
0.137558
0.205977
0.107672
-0.026243
0.210705
-0.050241
-0.025194
0.343307
-0.405472
-0.110334
-0.200249
0.124131
0.397252
0.076315
0.093529
0.081702
-0.529054
-0.278620
0.320056
-0.148089
-0.106297
0.030131
-0.016542
-0.265921
0.016756
-0.557524
-0.091006
-0.120591
-0.015915
-0.267436
-0.383148
-0.071500
-0.240115
0.065563
0.128512
0.043865
-0.193494
0.004240
0.054495
0.318564
-0.261661
0.200812
0.310124
0.284590
-0.261894
-0.004396
0.025131
-0.212228
-0.110563
-0.160880
-0.160063
0.297806
0.163595
0.103876
0.172515
0.086895
0.146596
-0.142405
-0.210882
0.206069
-0.136251
0.095076
-0.010477
0.071408
-0.052087
-0.294144
-0.083906
-0.243185
0.175156
-0.155417
0.136319
-0.010865
-0.026158
-0.235395
0.053269
0.249149
-0.062189
0.008121
-0.085328
-0.023428
0.183729
0.135328
0.052192
0.057850
-0.186784
0.095124
0.079104
-0.075195
0.021787
-0.167341
0.196409
-0.185681
-0.216333
0.102089
-0.172291
-0.123505
0.058765
0.149884
0.185295
-0.196471
-0.080844
0.022668
-0.052598
-0.218248
-0.036665
0.133412
-0.068239
0.085008
-0.145288
0.149065
0.012379
-0.130350
0.170247
-0.011974
0.135558
-0.211652
0.095105
0.190779
0.166487
0.108284
-0.060852
-0.196071
-0.035618
0.005678
-0.212672
-0.121411
-0.039411
0.082947
-0.181355
0.171685
0.209862
-0.022681
-0.321733
0.165437
-0.113987
0.102780
0.269109
-0.235936
-0.116245
-0.253274
0.189684
-0.394270
-0.017537
0.312783
0.169259
-0.019406
-0.039902
0.298835
-0.015507
-0.061535
0.056106
-0.629091
0.032930
-0.057410
0.140297
0.324943
0.230385
-0.349174
0.028894
-0.017389
0.036171
-0.588249
-0.053546
-0.198308
-0.139428
0.085018
-0.177305
-0.310797
-0.510676
-0.166283
-0.782548
-0.282936
-0.022099
0.093003
-0.132146
-0.602598
0.103200
0.179205
-0.115364
-0.121769
0.163607
0.247312
0.052834
-0.558659
0.076983
-0.563578
-0.061216
-0.169411
-0.063398
0.370992
-0.506930
0.308347
-0.607090
0.091750
-0.201017
-0.138427
-0.299102
0.001845
0.341371
-0.139997
0.017879
0.094722
0.246991
-0.053123
0.294487
0.098301
0.385698
-0.485323
0.198285
0.128904
-0.087969
-0.359960
0.084262
-0.106951
0.048482
0.009644
-0.633687
-0.390473
-0.208187
0.182203
-0.448326
0.037346
-0.215330
-0.146522
-0.421010
0.016131
0.165334
0.144920
0.193900
-0.144235
-0.489935
-0.038054
-0.009631
-0.552865
0.013394
-0.188933
-0.206212
-0.136572
-0.556415
0.043354
0.126405
0.033623
-0.310245
-0.120015
-0.014939
0.089873
0.057192
-0.377056
0.104648
-0.040676
0.181765
0.286270
0.094630
-0.078837
-0.099309
-0.208713
-0.020600
-0.058574
0.359548
-0.111969
-0.214747
-0.202309
-0.201389
0.081509
0.146792
-0.011755
-0.140554
-0.018929
0.162772
0.146932
-0.206975
0.091449
-0.164327
-0.072262
-0.108597
-0.226427
0.123124
0.035609
-0.225675
0.093784
0.059495
-0.143093
-0.027401
-0.086555
-0.002373
0.037386
-0.034373
-0.120463
0.189172
-0.217002
0.139328
0.156554
0.140625
0.201963
0.117725
0.170136
-0.116060
-0.034958
0.121208
0.052991
0.091945
0.149207
0.127937
-0.093539
-0.092274
-0.279505
0.044256
0.075675
0.049601
0.063256
-0.170474
0.107428
-0.193656
0.035190
0.074827
0.154680
-0.042826
0.022693
-0.176664
-0.084026
0.128672
0.046177
-0.069272
-0.100920
-0.124796
0.160989
0.148941
-0.105789
-0.082320
-0.220014
-0.084367
-0.035211
-0.200083
-0.034360
-0.013767
0.204627
-0.097741
-0.078812
0.199550
-0.005282
-0.147476
-0.164018
-0.182495
-0.116007
0.137637
-0.594412
0.028575
-0.000253
0.013703
-0.146813
-0.133998
-0.422754
-0.042901
-0.358371
0.186167
0.398422
0.088365
0.437738
0.430583
-0.130847
0.194195
-0.339686
0.321824
0.137498
0.080601
-0.010603
0.133630
-0.213494
-0.102823
-0.036420
0.173178
0.315381
0.195622
-0.053782
-0.066910
-0.019172
-0.067823
-0.090755
-0.032089
0.085282
0.340262
-0.038933
0.299176
0.082779
-0.162336
-0.410896
-0.127680
-0.009094
-0.009621
-0.259453
-0.158350
0.196382
-0.127882
-0.131259
-0.362153
-0.677891
-0.392460
-0.167562
0.182854
0.164581
-0.559580
-0.416257
-0.204303
0.081433
-0.006302
-0.042175
0.280246
0.067274
0.077299
0.040163
0.261641
0.316074
-0.092395
0.207314
-0.185898
0.118926
0.297458
0.088530
0.080209
0.140288
-0.216646
0.235708
0.029944
0.229490
-0.042936
0.327275
-0.111873
-0.205282
0.026993
-0.332430
-0.270309
0.062452
0.077721
0.183409
-0.159922
0.039605
-0.052365
-0.341732
0.018339
-0.234367
-0.145558
-0.430828
-0.304855
-0.213072
0.137340
0.248062
0.238863
0.168525
0.158821
-0.225900
-0.092140
-0.031583
-0.169581
0.063793
-0.004183
0.182883
0.005596
-0.262212
0.071762
0.169990
0.111495
-0.254262
-0.096444
-0.068208
-0.224468
-0.061659
-0.409373
-0.423678
0.086744
-0.568145
0.161167
-0.085210
0.209799
-0.101585
-0.320857
-0.111019
0.199548
-0.077287
-0.018278
-0.219750
-0.390900
-0.318503
-0.202215
-0.178431
0.126797
-0.138946
-0.168747
-0.068215
-0.088723
-0.234022
-0.054031
0.121725
-0.193129
-0.240402
0.057519
0.327412
-0.189000
-0.327579
-0.096115
-0.134328
-0.221295
0.104224
-0.219971
-0.053292
-0.097853
-0.124583
-0.138587
-0.246744
0.353982
0.229670
-0.193748
0.275458
-0.191228
-0.139843
0.280640
-0.259682
-0.462564
-0.056642
-0.163551
0.058428
-0.241038
-0.287867
0.144693
0.085976
0.005693
0.083518
-0.082012
-0.040968
-0.153160
0.162891
-0.268025
-0.198742
0.143026
0.109820
-0.066835
0.003000
-0.020379
0.103471
-0.086931
0.068118
0.211820
0.136086
-0.108905
-0.156031
-0.016331
0.078903
-0.088686
-0.122928
0.022656
-0.126156
-0.008217
-0.193404
-0.057348
0.002071
-0.222213
0.046253
-0.258998
-0.070544
-0.086027
-0.279489
-0.261456
0.028230
0.163314
-0.474826
0.168126
-0.506172
0.009447
-0.334097
-0.162809
-0.256116
-0.899347
-0.174788
0.046565
0.067105
-0.057150
-0.019152
-0.229812
-0.213317
0.403635
-0.011207
-0.247283
-0.195875
-0.112105
-0.479218
0.189197
-0.007560
0.162247
0.169345
-0.434056
-0.058093
-0.492901
-0.179989
0.024922
0.163065
0.130988
-0.245059
0.143188
-0.132843
0.198272
0.108883
-0.096074
-0.017611
-0.347120
0.074137
0.272784
0.199250
0.332833
-0.086057
0.007691
0.018792
-0.121115
0.028878
0.112679
-0.215814
-0.382610
0.058359
0.221605
0.148863
0.165800
-0.174613
-0.036001
0.099483
0.032172
-0.468071
-0.038544
0.341864
0.134183
0.070640
0.035990
-0.047974
-0.417530
0.251846
0.232833
0.092370
-0.129345
0.396536
-0.170851
0.140074
0.010101
-0.408787
-0.027296
0.235860
-0.325953
-0.071101
-0.221632
-0.502399
0.043785
0.011076
-0.232393
-0.134911
-0.211318
-0.056391
0.179162
0.312669
0.314047
-0.206027
-0.163136
0.008446
0.195889
-0.279444
-0.274206
0.083225
0.275927
-0.311739
-0.230128
0.187541
0.033038
0.279604
0.176860
0.174606
0.078654
-0.245248
0.016329
0.283086
-0.192223
-0.019337
0.096607
-0.104528
-0.117454
-0.273313
-0.251255
-0.585296
-0.546819
0.016608
0.160493
0.151375
-0.157785
0.029289
-0.070498
