0.166791
0.486548
0.045578
0.063147
-0.072443
0.220196
-0.378128
-0.165845
0.030186
0.088682
-0.096104
-0.450084
0.085422
-0.094516
0.081353
-0.064169
-0.056108
0.135692
0.119806
0.028600
-0.058118
0.126185
0.325148
0.096071
-0.053356
0.354896
-0.078968
-0.237527
-0.054605
0.023022
0.005805
0.040182
-0.016769
-0.027640
-0.156846
0.073552
-0.065724
-0.027394
-0.009189
0.040648
-0.131159
0.027508
-0.063237
0.076987
0.014011
-0.014957
-0.110403
0.016178
-0.064180
0.092489
0.100762
0.101138
-0.003830
0.042745
0.035714
0.004419
0.025285
0.145417
0.064470
-0.047669
0.127297
0.031802
-0.000471
-0.072378
-0.096861
-0.076704
-0.185232
-0.222487
0.342558
-0.005223
0.116386
0.257220
-0.072936
-0.224523
0.142824
0.127259
-0.130127
0.109105
0.220934
0.026030
0.181773
-0.073978
0.256110
0.092340
0.038589
0.010983
-0.208232
-0.095761
-0.183642
-0.173871
0.224750
0.081920
0.151072
-0.063785
0.319962
-0.130275
-0.054661
-0.051488
-0.101339
0.038678
-0.066285
0.131151
0.093166
0.092509
-0.057647
0.195036
-0.058191
0.071153
0.215787
0.052241
-0.085147
-0.005797
-0.043215
-0.054803
-0.040918
0.048439
0.131007
-0.115777
0.122002
-0.093007
-0.035823
-0.024052
0.058430
-0.028251
-0.092704
-0.063521
0.248030
-0.020765
0.071543
0.194902
0.196614
0.043686
-0.086867
0.086243
-0.174212
0.055974
0.100984
-0.031716
-0.077934
-0.352991
0.102203
-0.424686
-0.048152
0.029209
0.019652
-0.068165
0.178446
0.435960
0.095682
-0.046682
0.227858
0.033208
-0.178335
0.174350
0.263029
-0.089327
-0.195544
-0.075884
0.310198
-0.088344
0.135899
0.013989
-0.184991
-0.277758
0.050375
-0.023006
-0.248218
0.053792
-0.179975
0.090686
-0.294264
-0.066397
0.068046
0.010689
-0.167435
-0.197212
0.040679
0.013701
0.009802
-0.189647
0.016539
0.046964
0.394105
0.083825
-0.148218
0.095368
-0.179690
-0.114894
0.065329
-0.182230
-0.105213
0.061588
-0.103316
0.038951
-0.058475
0.006223
0.074759
-0.089730
-0.044193
-0.093864
-0.078696
-0.089640
-0.066736
-0.001225
0.074167
0.016957
0.058966
0.079610
0.084476
-0.049714
-0.015761
0.101499
0.083399
0.029261
-0.047892
-0.072217
-0.066644
0.025480
-0.092421
0.069016
-0.009497
0.061531
0.030839
0.100350
0.229656
0.076100
-0.102634
-0.081255
-0.016816
0.054494
0.124236
-0.111298
-0.019086
0.200718
0.032527
0.126904
0.007570
0.159622
-0.066613
-0.043479
-0.017020
0.120088
0.101757
-0.006323
0.116960
-0.139227
0.195232
-0.041725
0.026184
0.147791
-0.051344
-0.120211
0.153107
-0.021036
0.172201
0.081108
0.448529
-0.224841
-0.272876
0.006583
-0.056172
0.122525
0.223257
-0.287126
-0.076648
0.302462
-0.157263
-0.090174
-0.073622
0.248954
-0.240894
-0.247634
-0.161433
-0.088492
-0.025708
0.024674
0.125496
0.177135
0.273073
-0.072918
-0.056397
-0.007246
0.171962
-0.055594
0.058949
0.020156
-0.377514
-0.151415
0.412539
0.286676
0.007862
-0.237235
0.297291
0.389570
-0.223607
-0.306325
-0.261150
0.153873
-0.113044
-0.042867
-0.201277
0.212288
0.002264
-0.314074
0.157747
0.238007
-0.082985
-0.273113
-0.076240
0.033062
0.292827
-0.037734
0.275262
0.067665
0.207282
-0.330052
0.108820
-0.069132
-0.324175
0.450210
-0.041202
-0.008605
0.384449
0.375712
-0.161145
0.165584
-0.174878
-0.337999
-0.131432
0.042179
-0.166441
-0.560672
0.370356
-0.270624
-0.015767
-0.350469
-0.048466
0.171077
0.392596
0.529421
0.114803
0.341907
0.032035
-0.024716
-0.443849
0.359733
0.201454
-0.147848
-0.003878
0.110531
0.200102
0.092587
-0.539108
-0.094410
0.041715
0.045919
0.084743
0.028474
-0.007985
0.361045
0.142902
-0.820329
0.370411
0.338823
-0.331778
-0.363623
0.424353
0.078113
-0.084850
-0.378913
-0.048084
0.216203
-0.073595
-0.221025
-0.634138
0.088913
0.091779
-0.097215
0.012977
0.227037
-0.092615
0.247908
-0.102763
-0.186978
-0.107623
0.222890
0.406954
0.379984
0.000698
0.116238
-0.213598
-0.058223
0.058356
-0.162462
-0.198973
-0.307760
0.064674
-0.346232
-0.321194
-0.062395
-0.229935
-0.084583
0.189525
0.417610
0.145889
0.217584
-0.337754
-0.007564
-0.561202
-0.238430
-0.177036
-0.228760
0.171911
-0.043189
0.222100
-0.394135
-0.158456
0.062534
-0.141791
-0.097054
-0.015517
0.091653
-0.099558
0.389713
0.263669
-0.550643
0.300132
0.213360
-0.431716
-0.005309
0.200757
0.128866
-0.095169
-0.540173
-0.025925
0.221319
-0.332895
-0.197102
-0.347784
0.033143
0.122576
0.046958
-0.094851
0.049928
-0.071158
-0.052570
-0.114664
-0.121802
0.066194
0.042289
-0.065390
-0.303468
0.027040
-0.094270
-0.190667
-0.066507
-0.155030
0.038601
0.023625
-0.019161
-0.114742
0.045475
-0.142371
-0.197003
0.167138
0.054925
-0.054986
0.014011
-0.039049
0.042446
0.238727
0.015797
0.041065
0.175635
0.021809
-0.144448
-0.073849
-0.069571
-0.070726
0.132471
0.021512
0.167215
0.512560
0.193880
0.248303
0.160078
0.003489
0.196843
0.317846
-0.164153
0.396054
0.084778
0.148314
-0.125899
0.157084
0.126657
0.296552
0.127431
0.030870
0.467785
0.098126
0.026307
-0.046318
-0.130695
-0.064839
0.204660
0.350200
0.067713
-0.221434
0.158538
0.152516
-0.161297
0.003897
-0.002351
0.055668
0.081204
0.324174
0.097619
-0.386660
-0.112482
-0.134188
0.053340
0.375597
0.092075
0.131995
-0.536019
-0.123067
0.032806
-0.019107
0.101968
0.083595
0.057574
-0.206228
0.093101
-0.156841
-0.132715
-0.091283
-0.486120
0.128439
0.126893
-0.005246
-0.092402
-0.121526
0.285030
0.036177
-0.046797
-0.014768
-0.007971
0.157650
0.040086
0.007521
0.053153
0.029203
0.089634
0.093527
-0.018006
0.078476
-0.082586
-0.075324
-0.066593
0.083655
-0.065034
0.119580
-0.071217
0.093488
0.136148
-0.116337
-0.058357
-0.029666
0.017928
0.016308
-0.051331
0.030860
-0.024909
-0.052890
0.024459
-0.008371
0.370988
0.066709
-0.089242
0.283844
0.023284
-0.200088
0.066572
-0.178875
-0.373830
0.312535
0.259647
-0.283774
-0.011681
-0.323507
-0.048588
0.177190
-0.375984
0.010602
-0.048160
-0.199403
-0.141066
-0.131989
-0.008766
-0.079057
0.257279
-0.318797
0.070080
0.217086
-0.577984
-0.228859
-0.003386
0.041923
-0.027171
-0.207918
0.137298
-0.023591
-0.014763
-0.063227
0.103693
-0.065636
-0.058050
0.165552
-0.224366
0.131297
-0.164073
0.104153
-0.148050
-0.057291
-0.012050
-0.099647
0.094771
0.033543
-0.013515
0.184565
-0.095575
-0.101618
-0.108778
0.180249
-0.152815
-0.064188
0.081663
0.065512
-0.003232
-0.182526
-0.364491
-0.004395
0.129881
-0.104730
-0.317609
-0.281182
0.257050
-0.139173
-0.306103
0.259936
-0.114891
0.016342
-0.309323
-0.149618
0.102199
0.266140
-0.140412
-0.164883
0.095584
-0.047329
0.022237
-0.284898
0.030712
-0.273466
-0.577551
0.301662
0.045705
-0.095790
-0.054219
-0.132743
0.018217
-0.030960
0.019187
-0.253748
-0.128997
0.014003
-0.058133
-0.396171
-0.203244
-0.341930
0.104676
0.049881
-0.029441
0.090666
-0.377098
-0.207528
-0.043745
-0.035055
0.091989
0.197727
0.147730
-0.127255
-0.078183
0.264250
-0.087967
0.080029
-0.089248
-0.183760
-0.118016
0.130719
-0.281473
0.184069
0.150673
-0.004423
-0.042711
0.005872
0.024067
0.101368
-0.029846
0.018112
0.033083
-0.024325
-0.044760
-0.035257
-0.028793
0.015513
0.015720
-0.081245
-0.104072
-0.110418
-0.046738
0.089421
-0.102037
-0.006753
-0.066529
-0.072983
0.092927
-0.077650
0.053277
0.065858
0.029198
0.101746
-0.037902
-0.027998
-0.077480
0.025408
0.111718
-0.074554
0.070647
0.098890
0.141262
-0.052032
-0.099510
-0.105077
0.260109
0.057910
-0.116527
0.061821
0.025705
0.068164
-0.026643
0.063719
-0.038243
0.054584
0.207171
0.143031
0.045748
0.201390
-0.001145
0.176905
0.064867
-0.031952
-0.147943
0.051550
0.050792
0.188069
0.125429
0.343409
-0.055526
-0.080078
-0.214997
-0.077020
-0.124907
-0.045778
-0.380834
-0.266711
-0.083178
-0.678762
0.019476
0.510696
0.000823
-0.422839
-0.410916
-0.158969
0.091183
0.058398
0.003204
0.223529
0.490189
0.529531
-0.080187
0.014944
0.051993
-0.346805
-0.178460
0.148088
-0.479272
0.365715
0.062694
0.321845
0.470018
-0.020364
-0.052937
0.557632
0.226110
-0.283299
-0.330424
-0.369764
0.378871
0.094356
0.159765
-0.334700
-0.116363
-0.333989
-0.083203
-0.102070
0.224994
0.316164
0.096427
-0.144714
0.149839
0.040635
-0.046857
0.239967
-0.327025
-0.223773
0.055452
0.241002
-0.112232
0.237595
0.488544
-0.030629
-0.608599
0.064297
0.082482
0.164415
-0.350804
0.118852
0.004765
-0.494981
-0.376743
0.260792
0.101911
0.024206
-0.077242
0.092908
-0.023271
-0.159226
0.015321
-0.292006
0.055346
-0.063804
-0.088749
-0.591067
0.089968
-0.670521
-0.855511
0.167275
-0.076122
-0.004149
-0.073568
-0.530262
-0.202248
-0.349856
0.322765
0.210058
-0.144279
0.050902
0.423102
-0.305397
0.163396
0.433383
-0.428890
0.009260
0.373095
-0.149167
-0.040839
0.364395
0.250761
0.087630
-0.356035
-0.081423
-0.299457
-0.163582
-0.311210
-0.659310
-0.117656
0.278363
0.507776
0.049338
0.270732
0.188481
0.206094
-0.540785
0.217026
0.242125
-0.349231
0.112019
0.505624
0.017088
0.250289
0.079311
-0.129980
0.445800
-0.164261
0.269548
-0.683558
-0.091477
0.100252
-0.161809
-0.298154
-0.370264
-0.025799
-0.345170
-0.075146
-0.148398
-0.284843
-0.494165
0.061560
-0.134176
-0.356797
0.394764
-0.342676
-0.077286
0.135524
-0.281953
0.005595
-0.394218
0.143400
0.043362
-0.177150
-0.108156
0.114823
-0.292336
0.030290
0.390044
-0.356070
0.118544
0.195804
0.126904
-0.244138
0.105150
-0.040208
0.029798
-0.310955
0.005103
-0.326283
-0.065068
-0.290425
-0.007283
0.070457
-0.076957
0.509062
0.147269
0.105012
0.005244
0.070827
-0.332686
-0.004970
-0.179961
0.090742
-0.099082
-0.166133
-0.005051
0.010297
-0.244582
-0.120932
-0.219732
0.185783
0.007548
0.047536
0.010268
-0.270682
-0.158188
0.146496
0.164200
0.055737
0.131423
0.029354
-0.211493
-0.035772
-0.010098
-0.010565
0.135897
-0.242256
-0.191340
0.095343
0.029965
-0.036508
0.064302
0.229149
-0.206581
-0.087359
0.277236
-0.162004
0.234400
0.056480
-0.306538
0.093741
-0.138339
-0.442432
0.096930
0.321178
-0.158886
-0.286799
-0.087554
0.278559
0.303819
-0.183167
-0.069332
-0.034987
-0.195153
0.102872
-0.405539
0.088784
-0.405922
-0.440447
0.034292
0.147308
-0.090353
-0.114153
-0.091649
-0.111665
0.014254
0.241792
-0.004160
0.086787
0.435109
-0.191008
-0.082421
-0.224969
-0.252699
-0.228745
0.152925
0.285350
-0.211456
-0.273733
-0.526211
-0.134684
-0.038738
0.062167
-0.184226
0.026004
-0.037070
-0.191974
-0.314982
-0.067161
0.098895
0.048928
0.274322
0.193712
0.185914
-0.422704
-0.026945
-0.117607
0.051704
-0.095386
-0.077394
-0.015639
0.008771
-0.105939
-0.019480
-0.104156
-0.052289
-0.143373
-0.060088
-0.070864
-0.087295
-0.009290
-0.019076
-0.115949
0.054947
-0.031018
-0.074503
0.094903
-0.015236
-0.089748
-0.014649
-0.102284
-0.103643
-0.104406
0.095603
-0.063737
0.006792
0.022309
-0.091810
0.005981
-0.199473
0.360068
-0.165597
0.163845
-0.235189
-0.289951
-0.205400
-0.115907
-0.284632
-0.065974
-0.027605
-0.196747
0.685607
-0.496668
-0.131359
0.119093
-0.078871
-0.024379
0.214101
-0.598811
0.020862
-0.091245
0.341054
-0.053583
-0.042554
0.499543
-0.016408
-0.444343
0.078189
-0.227846
0.073332
-0.070822
0.118567
-0.142029
0.021074
0.135981
0.103201
0.239301
0.021054
0.180304
0.062943
0.092972
0.018921
-0.034219
-0.197146
0.111996
0.060690
-0.051449
0.109741
0.104445
-0.247820
0.029705
0.033038
-0.133006
0.031194
0.014006
-0.077417
-0.172948
0.227750
0.176178
-0.025660
0.151194
-0.058398
0.002223
0.330977
0.150091
0.086390
0.160837
0.154819
0.246192
0.089277
0.133787
-0.063334
0.212268
-0.082095
0.060950
-0.126158
-0.108119
-0.198660
0.059226
0.077598
0.062979
-0.026582
0.104165
0.015582
-0.091858
-0.187103
-0.078434
0.250611
-0.029651
0.072606
0.118169
0.108072
-0.078458
-0.063558
-0.084237
-0.266462
0.079846
-0.117804
0.170730
-0.048096
-0.087712
-0.074202
-0.107724
0.046709
0.069211
0.179995
-0.094958
-0.237437
-0.330987
-0.260997
-0.034870
-0.035862
-0.060500
0.028034
-0.088157
-0.075760
-0.175007
-0.159569
-0.074379
0.010729
-0.269547
0.111776
-0.067855
-0.103222
-0.095573
0.066405
-0.090289
-0.066153
0.004347
0.005569
0.068590
0.000353
-0.110749
-0.047161
0.097480
0.051849
0.061080
-0.046999
-0.090877
-0.048919
-0.093501
0.071901
0.044913
-0.049191
0.109340
0.024876
-0.091420
-0.075762
0.080262
0.074108
0.088614
0.104769
0.073699
0.082426
-0.041439
-0.019866
0.083363
-0.018641
0.102400
0.004229
0.034490
-0.213900
0.164482
-0.043445
0.026377
0.054653
-0.098645
-0.037566
0.044889
0.190212
0.096495
-0.157064
0.024507
0.123614
0.111574
-0.132483
0.005070
-0.059825
0.057430
0.032801
-0.222750
0.031434
-0.067704
-0.019046
-0.134899
0.111393
-0.108740
-0.050391
0.001882
0.253551
-0.043698
-0.009398
0.190875
-0.244236
-0.165628
-0.276732
-0.575684
-0.046696
0.148365
-0.713180
-0.124806
0.082379
-0.018070
0.227129
-0.232292
-0.142523
0.104642
-0.077766
0.055681
0.150922
-0.057650
-0.014478
0.320283
0.260027
-0.047847
-0.289408
-0.358626
-0.167623
-0.440263
-0.111259
-0.138190
0.283190
-0.063147
0.153392
0.577152
-0.133066
0.273090
0.479647
-0.047470
-0.135055
-0.385538
-0.043522
-0.098213
0.478295
0.086216
-0.042492
-0.548954
-0.358339
-0.118989
-0.214000
0.040453
0.293975
-0.089364
-0.052247
-0.149297
-0.113203
0.004918
-0.062189
0.000112
-0.007138
0.062129
0.110903
-0.001354
0.357536
-0.098608
0.299681
-0.125434
0.027560
0.014995
0.123045
0.008913
-0.003216
-0.173928
-0.026877
-0.050252
-0.397072
-0.050796
0.429146
0.062656
-0.373673
-0.107141
-0.069233
-0.065052
-0.257435
-0.193349
0.027076
0.030585
0.282097
-0.087504
0.177630
0.206273
-0.093533
0.317521
0.214506
-0.306862
-0.315181
-0.112767
-0.109491
0.238783
0.183344
0.147821
-0.081408
0.551422
-0.288758
0.127768
0.454163
0.319166
-0.174326
-0.315529
0.030808
-0.039816
0.160365
-0.140086
-0.178282
-0.236156
0.036091
-0.297094
0.102408
0.002817
0.024682
-0.121029
0.122533
0.143553
-0.010298
0.186830
0.181784
0.113506
-0.062678
0.145405
0.562373
-0.300057
-0.016829
0.150402
0.240520
0.511087
0.190268
-0.152264
0.300597
0.210343
-0.127869
-0.029600
-0.239744
0.194804
-0.244032
-0.337800
-0.321600
0.070099
-0.269639
0.031866
0.012901
0.068709
0.166088
0.070356
0.165276
0.009315
0.110278
-0.071931
-0.209089
0.174055
-0.035637
-0.008580
-0.250737
0.094387
-0.082650
0.043897
-0.405160
0.256546
-0.163546
0.078420
0.040981
0.048716
-0.415160
-0.455514
0.036368
-0.073919
0.129050
-0.248131
-0.002715
-0.263803
-0.046734
-0.226528
-0.126234
-0.000014
0.041786
-0.026304
0.040397
-0.276576
0.020107
0.127674
0.083525
0.280899
-0.058077
-0.234183
-0.001906
0.345710
-0.091328
0.251454
0.105571
-0.218657
-0.140976
-0.013092
-0.092265
-0.014745
0.319135
-0.025693
-0.144591
-0.326984
-0.177850
-0.037786
0.105890
0.042942
-0.063953
0.050611
-0.062537
-0.279578
-0.369181
-0.114594
-0.120253
0.108077
0.015490
0.181801
0.070526
0.013228
0.189939
0.025616
0.246837
0.241628
0.206798
-0.174377
-0.019144
-0.066683
0.023714
0.150052
-0.021086
0.146498
0.069111
-0.117403
0.215285
-0.074582
-0.188374
0.274024
0.186573
-0.073150
0.194682
-0.169390
-0.157340
-0.174737
-0.135756
-0.077113
0.107839
0.230017
-0.129552
0.202674
0.217549
-0.367067
-0.232163
0.110061
-0.017122
-0.029286
0.074314
0.110939
0.067835
-0.025356
-0.315713
0.046824
0.269905
0.057383
-0.136552
-0.204049
0.017192
0.077658
0.123177
-0.053046
-0.045660
0.010769
0.091317
0.262174
-0.009038
0.315786
-0.045893
-0.124458
0.212757
-0.003038
-0.100392
-0.067914
-0.316925
0.250879
-0.103181
-0.306524
-0.078178
-0.156971
0.093920
0.123462
-0.083105
0.109642
-0.022321
-0.222377
0.123395
-0.011032
-0.056180
0.052536
-0.108076
0.087723
-0.009512
-0.154213
0.010562
-0.007095
0.116363
-0.062685
-0.032608
0.021531
-0.094965
-0.086475
-0.079880
0.147076
-0.076217
0.062935
-0.112183
0.082535
0.075536
-0.152189
-0.305214
-0.495165
-0.058150
-0.470010
-0.197718
-0.238195
-0.092633
0.214288
-0.009558
-0.697404
0.034039
0.329509
-0.183896
-0.042383
0.354887
0.192192
-0.053865
-0.105874
0.041208
0.515820
-0.190986
0.086185
-0.320150
-0.125532
-0.398295
0.130242
0.274731
0.135981
0.036267
0.100525
-0.323981
-0.420828
0.086565
0.139700
-0.051760
-0.043261
0.065580
0.139758
-0.009608
-0.108517
-0.203433
0.039991
-0.110188
-0.090590
0.187300
0.100890
-0.189346
-0.192666
-0.015081
0.042584
0.146104
0.161839
0.170148
0.017715
0.190811
-0.062260
0.049845
0.100460
-0.159432
-0.197679
0.027911
-0.137566
0.000553
-0.054124
0.125165
-0.012758
0.165861
-0.096928
-0.061840
0.194259
-0.372155
0.092893
-0.021343
0.203402
-0.049275
-0.133053
0.084293
-0.271943
0.024708
0.065274
0.236196
-0.095555
0.283820
0.398101
0.409842
0.203197
0.262973
-0.122208
-0.187979
-0.270935
-0.272298
0.046039
-0.148336
-0.128598
0.148871
-0.133730
-0.023032
-0.070956
-0.220077
-0.128933
0.106739
0.150335
0.053590
-0.024140
0.017082
0.051209
-0.263683
-0.109434
0.070452
0.052049
-0.138135
-0.012119
0.195454
-0.029546
-0.040627
-0.138687
-0.184862
-0.027118
0.098856
-0.132569
0.045642
0.020209
0.116535
-0.111416
0.080950
0.108669
-0.160012
-0.146760
0.063397
-0.087614
-0.078737
0.082627
0.034999
0.059378
-0.055277
0.018281
-0.097033
0.019550
0.072649
0.044352
0.036415
-0.070334
0.043284
0.111485
-0.037275
-0.112709
-0.117495
-0.065383
-0.065712
-0.099471
0.066220
-0.048178
0.038222
-0.100993
-0.066178
0.029252
0.115808
-0.066835
-0.081314
0.017708
0.126267
0.207100
-0.285885
0.116916
0.123273
0.042233
0.103519
-0.064405
0.020612
0.110207
-0.051487
-0.106369
-0.028537
0.277868
-0.012985
-0.124031
0.000669
-0.030198
0.111485
-0.178656
0.165960
-0.038197
-0.017767
-0.121666
0.051160
0.082397
0.076867
-0.050123
-0.070011
-0.040164
0.096839
-0.056248
-0.156422
-0.138051
0.046604
-0.146401
-0.192718
-0.086580
0.380637
-0.124925
0.227966
-0.343976
-0.285776
0.013512
-0.026803
0.197496
0.095580
-0.304318
-0.158656
-0.182211
-0.130420
-0.420584
0.059485
-0.115416
-0.482777
-0.144792
-0.314575
0.422677
0.678016
-0.124617
-0.008182
0.316067
-0.158020
-0.266768
-0.029774
0.012800
0.353112
0.083282
0.294071
0.188163
0.080816
0.283035
0.528658
-0.341900
0.134140
-0.009027
-0.345507
0.262971
0.317786
-0.199397
0.119782
0.015012
-0.079399
-0.327927
-0.433873
-0.028788
-0.581788
0.061686
0.384157
-0.184535
0.367367
-0.107374
0.019892
0.361616
-0.512010
0.114290
-0.004026
-0.110978
0.344647
0.063256
0.113420
-0.140315
-0.314679
-0.276838
-0.098700
-0.267285
0.143200
-0.051142
0.191776
-0.203265
-0.219548
-0.016344
-0.140203
-0.092507
0.297808
0.369988
0.037580
0.624999
-0.176134
0.091033
0.022093
-0.131087
-0.272254
-0.198438
-0.148505
-0.160186
-0.029378
-0.223006
-0.397624
-0.483864
0.069046
-0.506901
-0.094045
-0.071894
-0.387925
0.065509
-0.347471
-0.086383
0.027421
0.309780
-0.256199
-0.390960
0.202945
-0.024638
-0.130508
0.166133
-0.310246
0.121472
0.117814
-0.048634
0.578264
0.062019
-0.592526
-0.034391
-0.291122
0.129981
0.189101
-0.404300
0.346605
0.285517
0.157563
0.022336
0.107333
0.133429
-0.129006
0.041187
-0.375896
-0.119551
-0.244590
-0.115661
-0.026562
0.059446
0.070826
-0.248413
-0.360944
-0.003364
-0.164404
0.090805
0.381395
0.198593
0.126033
0.452195
0.168907
-0.120600
-0.396786
-0.278915
-0.398994
-0.038379
0.212831
-0.379279
0.269912
-0.021406
-0.528668
-0.447193
-0.017847
-0.797127
-0.220543
-0.297966
-0.477754
-0.051115
0.110753
-0.212197
-0.145180
0.016533
-0.276012
-0.104444
-0.026999
-0.130571
-0.030073
0.354691
-0.369115
0.026050
0.108112
-0.049778
0.320592
-0.013349
-0.522982
0.269154
-0.374382
0.079568
-0.025101
-0.267145
0.161986
0.019038
-0.087231
-0.163736
0.153445
-0.201672
0.019126
0.007376
-0.199225
0.149565
0.118266
-0.072510
0.057323
0.044795
0.001591
0.148967
0.241774
0.045847
0.173734
-0.170493
-0.145790
-0.076376
-0.115083
-0.018195
-0.044277
-0.055152
0.060522
-0.180949
0.146798
0.007001
0.003989
0.172401
-0.246239
0.070040
-0.177215
-0.283867
0.414101
-0.056372
0.169432
0.211402
-0.061692
0.214947
0.262323
-0.272410
0.294272
0.208249
-0.033884
-0.185608
0.449592
0.106869
0.257680
0.010864
0.055807
0.450568
0.291240
0.105526
-0.094915
-0.102796
-0.175899
-0.266625
-0.199017
0.314371
-0.171890
0.126056
0.037355
-0.142851
-0.027087
-0.325781
0.190925
0.222318
0.330629
0.155381
-0.204677
-0.026440
0.459156
-0.326316
0.328781
0.498373
-0.456950
-0.173032
0.113822
0.081617
0.078479
-0.305987
0.000460
0.234852
-0.333255
0.051056
-0.546970
0.007922
0.061005
-0.145268
-0.247064
0.065730
-0.046476
-0.033466
-0.292780
-0.255634
-0.014576
-0.001702
0.006124
0.112169
0.051232
0.072611
-0.049998
-0.034265
-0.034439
0.080641
-0.176512
0.044825
-0.146974
-0.051967
-0.043715
-0.007567
0.040806
0.006579
0.128393
-0.039495
0.103844
0.028155
-0.049703
-0.093674
0.021996
-0.053066
0.129823
0.040758
-0.010787
0.097109
0.017140
0.011555
-0.081103
-0.396968
0.306503
-0.630159
-0.421952
-0.222135
-0.667796
-0.017496
-0.076465
-0.609747
-0.638474
-0.241888
0.328043
-0.264925
0.092077
0.148425
0.267764
-0.196540
-0.184413
-0.451914
-0.290239
0.021914
-0.201240
-0.064678
-0.250764
0.481860
-0.206024
0.084847
0.158571
-0.194159
-0.546817
-0.010232
0.009969
-0.056414
-0.028699
0.080895
0.016497
0.059368
-0.103528
-0.031838
-0.071859
-0.002614
0.238465
0.038748
-0.082842
-0.003050
-0.179648
-0.010581
0.015832
0.117415
0.000525
0.256532
0.194686
0.008710
0.263229
-0.053664
0.162393
-0.149236
0.138775
-0.185960
-0.150562
-0.059334
0.027529
-0.000892
-0.327959
-0.584284
-0.028931
-0.059880
-0.201834
-0.543832
-0.255085
0.076471
-0.145401
-0.252720
0.145969
0.251384
-0.241121
-0.746698
0.007248
0.164452
0.185193
-0.112314
-0.140792
0.353804
-0.040800
0.102499
0.051662
-0.114647
-0.404905
-0.310080
0.174078
-0.057684
0.042032
-0.242338
0.211353
-0.032564
0.101603
0.081258
-0.201640
0.142860
0.161108
0.214901
-0.379012
0.076421
0.198305
0.086014
-0.051068
0.082854
0.111078
0.197545
-0.167534
0.127404
0.241259
-0.073143
0.242918
0.090718
-0.158529
0.162683
0.093630
-0.030022
0.139200
-0.164116
-0.332818
-0.103349
-0.042715
-0.251742
-0.189088
-0.043265
-0.030829
0.112736
-0.087975
-0.061181
-0.024862
-0.044624
0.022406
-0.047823
-0.125213
0.025172
0.044750
0.082230
0.072203
-0.052945
-0.079300
-0.013608
-0.035684
0.099596
0.101636
-0.096045
-0.061521
-0.007447
0.021776
-0.084147
0.100184
-0.029208
-0.098156
0.112710
-0.021442
-0.092753
-0.061191
-0.027739
0.006961
0.074841
-0.151349
0.193123
0.256615
0.308465
0.202763
-0.214209
0.109122
0.137118
0.180272
0.062033
0.142119
0.119814
-0.278559
-0.212028
0.040271
-0.100900
0.145094
0.026087
0.124998
-0.018589
0.166055
0.022362
0.139537
-0.144211
-0.071436
-0.170366
-0.221644
-0.002832
-0.007838
0.009280
0.490605
0.013846
0.207418
-0.182065
-0.244107
0.129117
0.001506
-0.334476
-0.027697
-0.079349
-0.668946
-0.498965
0.689837
0.479445
-0.261117
-0.360559
-0.191683
-0.085424
-0.000096
0.076907
0.331326
0.529786
0.411995
-0.140701
0.352953
0.157752
-0.335569
-0.247908
-0.136695
-0.008007
-0.327653
0.014334
0.250964
0.000071
0.476725
0.257492
0.573728
0.642151
-0.333761
-0.012581
0.797479
0.220562
0.228308
0.391911
-0.545708
0.459415
0.235445
0.149196
-0.076667
-0.037687
0.205782
-0.039779
-0.231147
-0.215099
0.050848
0.087200
0.245167
-0.117666
-0.395406
0.128613
-0.039895
0.033274
-0.276251
0.264195
-0.449587
-0.615451
0.074294
-0.072150
-0.064541
-0.671889
-0.103295
0.008382
0.142535
-0.712158
0.316437
0.402362
-0.171527
-0.416917
-0.158090
0.095386
-0.288320
-0.164380
-0.480050
0.099302
-0.137484
0.097864
-0.574775
-0.050473
-0.115306
0.358075
0.435772
-0.116234
-0.223258
-0.297587
-0.320418
-0.635816
-0.838257
-0.066102
0.068324
-0.105838
-0.003767
-0.548014
-0.445908
0.111945
-0.206023
-0.118508
-0.376413
-0.151931
-0.013460
-0.652566
0.337032
-0.065305
0.000582
0.470959
-0.657035
-0.460858
0.085052
-0.344570
0.214751
0.092474
0.116518
0.159761
0.131331
0.083370
0.387481
-0.125036
0.090506
0.539187
-0.644222
-0.621998
-0.046807
0.261410
-0.352072
-0.768522
0.053303
-0.166892
-0.139262
-0.792562
0.162023
0.065405
-0.316288
-0.374021
-0.257960
-0.157681
-0.504324
0.269671
-0.039909
0.058560
-0.142225
0.120483
-0.266575
0.074968
-0.151883
-0.028979
0.334333
-0.287574
-0.271867
-0.215393
0.122006
0.087044
-0.597877
-0.123474
-0.024392
-0.275370
-0.215669
-0.470522
-0.809763
0.008015
-0.412097
-0.189738
-0.563931
-0.386379
0.273213
-0.543836
0.253639
0.007932
0.073799
0.352711
-0.387594
-0.173500
-0.234286
0.079359
0.056789
-0.118799
0.185246
-0.026642
-0.038513
0.200965
0.142727
-0.140759
0.123582
0.254602
0.010148
0.052221
0.146477
0.010767
0.198223
0.334519
-0.439233
-0.023605
0.271105
0.148430
-0.034517
0.138242
-0.106561
0.160553
0.079133
0.208098
0.028450
0.093979
0.118069
0.036733
-0.084070
-0.067274
0.158992
-0.097574
0.103678
-0.129734
-0.353689
0.014528
0.215551
-0.157780
-0.073830
0.309610
-0.497445
-0.468661
0.223897
-0.341299
-0.221397
-0.415530
-0.321729
0.356123
0.025768
-0.352781
-0.024179
0.270909
-0.089806
-0.232143
0.293264
0.345586
0.138308
0.012764
-0.250068
0.251255
-0.157895
-0.122742
-0.178731
-0.106937
-0.399995
0.056979
0.017212
0.420064
0.218508
-0.010288
-0.144143
-0.173247
-0.065223
-0.130701
0.137525
0.109786
0.199831
0.059104
0.150682
-0.252859
0.564330
-0.400507
-0.085019
0.226098
0.200757
-0.072372
0.085759
0.141783
0.077944
-0.243107
-0.196368
-0.444640
-0.127701
-0.322938
-0.212000
-0.080388
0.296549
0.420352
0.279253
0.097843
0.228371
-0.086316
-0.147993
-0.017445
-0.119403
0.093540
0.009396
0.022824
0.113857
-0.115916
0.106347
-0.007612
-0.051345
0.003542
-0.112551
0.049360
0.069757
-0.037443
0.013843
0.020043
0.043836
0.065466
0.121842
0.072429
0.001497
-0.019161
0.020898
-0.058443
-0.103848
0.069306
0.028110
-0.045296
-0.083441
0.099234
-0.000457
-0.069674
-0.022816
0.055180
0.184852
-0.164330
-0.664322
-0.266981
-0.483429
0.137623
-0.331413
0.116642
-0.382283
-0.330980
0.422272
-0.183989
0.119945
0.209878
-0.138746
-0.293237
-0.107401
-0.227510
-0.239429
0.157963
0.124187
-0.014700
-0.035590
-0.544476
-0.394640
-0.021269
0.169140
-0.084144
-0.168403
0.178139
-0.037880
0.069400
-0.279428
0.058370
0.142231
-0.122770
0.138381
0.061523
0.118721
-0.128441
0.200074
0.078062
0.069720
0.006962
-0.066260
-0.009720
0.067811
0.032885
-0.172203
0.124374
0.091530
-0.308005
0.078804
0.050566
0.277238
-0.044610
0.148937
-0.104003
-0.115449
-0.033156
0.090302
0.069463
0.120816
-0.190114
-0.262031
-0.243783
-0.108123
-0.534955
0.070887
0.171202
-0.238917
-0.231052
-0.002066
-0.054220
0.234742
0.128649
0.111549
0.321262
0.107443
0.136494
-0.301349
-0.224131
-0.100689
-0.315535
-0.116705
-0.011012
0.456168
0.283283
0.128394
-0.129276
0.083734
-0.141752
-0.173480
0.127585
-0.116248
0.019124
-0.147741
0.144079
0.112729
0.126633
-0.094105
0.034548
0.309420
0.105200
0.079535
0.146612
-0.131390
-0.259548
-0.212932
0.012623
-0.013209
-0.065047
0.130930
-0.106135
-0.134769
-0.253813
0.009448
-0.077853
0.159645
-0.063392
-0.055576
-0.040184
-0.043238
-0.282500
-0.025481
-0.114930
0.091231
-0.057260
-0.082073
-0.018164
-0.076638
-0.076138
-0.095369
-0.117464
-0.028069
-0.037756
-0.080765
-0.082021
-0.000060
0.033890
0.020651
-0.008175
0.066800
0.084275
0.058610
0.073333
0.056598
0.064451
0.033276
-0.020874
-0.055096
-0.078030
0.013311
0.024099
0.003204
-0.004573
-0.095496
-0.034469
0.012254
0.048675
-0.183450
0.080288
0.102456
0.064413
0.107443
-0.197753
0.137285
0.181297
0.205923
0.040519
-0.115109
0.108430
-0.279508
-0.011734
-0.151926
0.075998
-0.025864
0.085187
0.114390
-0.041788
0.224115
0.022860
-0.031679
0.020185
-0.023408
-0.164253
-0.182849
0.104876
0.202072
-0.099322
0.307606
-0.003926
-0.000959
-0.035691
0.016460
0.395481
0.033173
-0.037384
0.162127
0.373757
0.234635
0.202304
0.028532
-0.179180
-0.047087
0.154857
-0.148933
-0.264087
0.160177
0.347780
0.151531
0.354102
0.650105
0.043412
-0.141389
-0.368036
-0.313072
-0.263596
-0.372266
-0.230902
0.365615
-0.318830
-0.055492
0.215152
0.383176
0.226924
0.144679
0.547759
-0.070061
-0.344110
0.736853
0.042976
-0.175420
0.146194
-0.126383
-0.189993
0.009482
-0.106664
-0.192245
-0.270193
0.395374
-0.533317
-0.051649
-0.316718
0.047910
-0.047356
0.009289
0.190426
-0.205961
0.166382
0.079562
-0.037545
0.371530
0.014052
0.188520
-0.028977
-0.439614
-0.266610
-0.409655
-0.455193
0.231847
-0.175761
-0.042393
-0.081690
-0.493351
-0.177111
0.776193
0.164028
0.096184
0.200032
-0.168244
-0.263780
-0.481751
-0.274820
0.032697
-0.008789
0.027695
-0.142268
0.739363
0.544617
0.171143
-0.154947
-0.036258
0.053903
-0.468282
0.129777
0.045331
0.214716
0.144666
0.274229
-0.088970
-0.196875
-0.262883
0.024750
-0.152329
0.266294
-0.676049
-0.643435
-0.090881
-0.115910
0.232749
-0.218198
-0.105256
0.408436
-0.142675
-0.231000
-0.039094
-0.193934
-0.124287
-0.022628
-0.281971
-0.483920
-0.140753
0.016322
-0.100346
-0.037330
0.090844
0.239264
0.312704
-0.108252
-0.241712
-0.023432
-0.438884
-0.457325
0.379633
-0.163788
-0.015849
-0.349537
-0.198671
-0.248435
0.492973
0.222672
-0.119357
-0.100266
-0.379864
0.137830
-0.587367
-0.551593
0.210182
-0.079898
-0.090079
0.054750
0.331197
0.555147
0.328695
-0.346234
-0.507058
0.014026
-0.136431
-0.236643
0.130611
0.236492
0.009350
0.284754
0.041527
-0.302488
-0.227707
0.204939
-0.416341
0.141213
-0.429475
-0.298341
-0.272635
-0.107584
0.154873
0.022340
-0.154455
0.193905
-0.285123
-0.106260
-0.206314
-0.101731
-0.329865
-0.019440
-0.238972
-0.395913
0.146646
0.178925
0.000449
-0.127693
-0.064026
0.027756
-0.334448
0.055242
-0.052363
0.145042
0.013222
0.042135
-0.078211
0.050313
0.279717
-0.135753
0.016388
-0.102957
0.047771
-0.308958
-0.191479
0.077762
-0.000023
-0.116604
0.069883
-0.320749
-0.104530
-0.235834
-0.095011
0.037982
0.043911
0.086117
0.133395
-0.051645
0.121791
-0.165513
0.248639
0.042980
-0.023196
0.026565
-0.112363
-0.168454
-0.444318
-0.209251
-0.013685
0.120015
-0.292071
0.080988
-0.252866
-0.369441
0.324406
0.072924
0.406965
0.436498
0.369533
0.094471
0.245324
-0.487535
-0.158763
-0.037176
-0.128511
0.067381
0.300562
0.079363
-0.049602
0.114860
0.327341
0.036238
-0.509406
0.332111
0.099532
-0.146925
-0.015172
0.187964
-0.287752
-0.077622
0.079953
-0.076329
-0.004400
-0.142743
0.093736
0.156377
0.013871
-0.037631
0.016194
0.086036
0.136084
0.446752
0.221052
0.015708
-0.042334
0.334564
-0.291707
0.015631
-0.110334
-0.187261
0.171334
0.241095
-0.245644
0.062139
-0.270445
-0.205448
-0.008868
-0.010154
0.086444
-0.013203
-0.106182
-0.050273
-0.061092
-0.101919
-0.039205
-0.057491
-0.048348
0.096550
0.044158
0.089992
-0.028325
0.038340
0.022533
0.124296
-0.025070
-0.009163
-0.052880
0.079589
-0.087948
-0.101626
0.013708
0.085596
-0.088889
-0.114361
-0.053383
0.079427
-0.128847
0.030722
-0.661507
-0.612199
-0.092637
-0.581771
-0.056461
-0.786242
-0.016152
0.220788
-0.163564
-0.189615
-0.083199
0.097857
-0.075585
-0.049158
0.476858
0.047401
-0.098752
-0.106808
-0.371983
0.499090
-0.163186
0.058916
0.347256
0.036102
-0.495993
0.067653
0.536953
0.029568
0.386109
0.034820
0.181764
-0.488636
0.145598
0.031478
-0.126325
0.181098
0.048430
0.040768
0.086833
-0.139339
-0.012224
0.118967
-0.090710
0.076321
0.021047
0.023913
0.069044
-0.216947
0.064884
-0.001764
0.127206
-0.108987
0.007341
0.156809
-0.048383
-0.038504
0.116941
-0.073788
0.041298
0.083183
-0.099492
0.125905
-0.192172
-0.111443
0.068999
0.044123
0.039173
0.064188
0.059830
0.145684
0.250692
0.060234
0.252672
0.315256
0.215051
0.056177
-0.059082
0.257179
-0.008717
-0.246403
0.211169
0.004836
0.199567
0.186859
0.143886
0.092137
0.044267
-0.034165
-0.182461
-0.283098
-0.231460
-0.024246
-0.117678
0.444502
-0.270035
-0.067671
-0.124077
-0.182962
-0.300282
-0.038223
-0.160342
-0.203009
0.005079
-0.033447
-0.029985
-0.050508
-0.232438
-0.055235
0.023919
0.091997
0.065801
0.076089
0.141473
0.072009
-0.090537
-0.131306
-0.152159
0.102939
-0.333056
-0.055567
-0.134477
0.085262
0.321498
0.134511
-0.075335
0.174220
-0.231315
-0.159468
0.035638
-0.010327
-0.088999
-0.109086
0.023905
0.077796
-0.089270
-0.012936
-0.094377
0.094351
0.096763
0.102513
-0.065220
0.052138
-0.031249
-0.068736
-0.045043
-0.000229
0.104888
-0.020979
0.019069
0.058265
-0.063024
-0.085365
0.018431
-0.049736
0.002239
-0.081480
0.085214
0.061168
-0.029711
-0.007277
0.146222
0.154836
-0.101216
0.124446
-0.177657
0.008293
0.176166
-0.103232
-0.043085
-0.091578
0.028659
-0.016087
0.139820
0.141414
-0.016882
0.034139
-0.032158
0.145313
-0.005900
0.109556
0.063448
-0.058117
-0.099570
-0.018508
0.094047
0.103002
0.248369
0.047019
-0.114167
0.154199
0.125821
-0.015476
-0.222224
0.008845
-0.075939
-0.016494
-0.010675
-0.218018
0.150089
-0.344156
0.067419
-0.419878
-0.193239
-0.223842
0.054344
-0.260924
0.274651
0.100160
-0.217808
0.120696
-0.418148
-0.176641
0.032668
-0.095388
-0.148940
0.079734
-0.253992
0.139294
0.418187
0.118040
-0.178219
0.273749
0.539271
-0.314006
-0.399657
-0.211276
-0.136028
0.132197
-0.225878
-0.137618
0.126172
-0.035922
0.136767
-0.555554
0.108797
0.244659
-0.274770
-0.167037
0.241910
0.241383
0.068403
0.686207
-0.301763
0.004209
0.089630
-0.172922
-0.430338
-0.005974
-0.465289
-0.185670
0.299879
0.245952
-0.117688
-0.019821
0.187921
0.110200
-0.117307
-0.217189
0.028876
0.150624
-0.237870
-0.104185
-0.080626
-0.490780
0.184315
-0.289394
0.275879
0.227841
-0.182062
0.006821
0.155042
-0.123541
0.125498
-0.162563
0.183403
0.145352
-0.206799
0.187901
-0.314750
-0.127141
-0.243969
-0.270701
-0.257084
0.202389
-0.111876
0.203721
-0.391223
-0.314833
-0.093523
-0.326130
-0.002789
-0.500207
0.195860
-0.039338
0.093741
0.291776
-0.208157
0.303954
-0.083480
0.003705
-0.021321
0.257075
-0.269028
-0.054888
-0.040284
-0.342963
-0.037464
-0.081072
0.180145
-0.044170
0.648773
-0.119705
-0.175719
0.308039
-0.096393
-0.322044
0.040373
-0.147551
0.174264
-0.119089
-0.030291
0.136156
-0.081420
-0.084975
-0.060199
-0.100855
-0.082802
0.004099
0.003598
-0.070497
0.217104
-0.039003
0.069642
0.109948
-0.149045
0.035814
-0.128530
-0.309558
0.362204
0.173505
-0.100939
0.377223
-0.011210
0.045949
-0.087411
-0.390773
-0.513340
-0.121732
0.090235
-0.083272
-0.262594
-0.278996
-0.248762
-0.242096
0.217188
-0.575644
0.206205
-0.182675
-0.097127
0.313786
-0.221457
0.128252
-0.296498
-0.096274
-0.010635
0.155517
-0.120380
0.060534
-0.098191
-0.130285
-0.276581
-0.192657
0.170898
0.139938
0.370606
-0.009927
-0.203026
0.393393
-0.015267
-0.221605
0.144222
0.055546
0.045922
-0.223475
0.001098
-0.269716
-0.206867
-0.149077
-0.136072
-0.059162
0.158534
0.184304
0.032189
0.023516
0.017908
0.258564
-0.033040
0.059618
0.073582
0.185561
0.008031
0.332565
-0.003413
0.034050
0.017679
0.083561
-0.384195
0.030872
-0.101219
0.014966
0.272089
0.096607
-0.012252
0.097129
-0.045010
-0.035887
-0.242886
-0.428037
0.263313
-0.098990
0.135808
0.076248
0.214885
0.228708
0.257259
0.308827
0.309216
0.163445
-0.123791
-0.021591
0.022166
0.022057
0.040164
0.095649
0.095408
0.270850
0.321698
0.037479
0.051455
-0.023614
-0.328187
-0.001840
-0.095020
0.296775
-0.006725
0.365307
-0.220559
-0.268555
-0.129718
-0.620431
-0.107242
-0.156325
-0.388454
-0.519746
0.210789
0.054455
0.082670
-0.204997
0.147173
0.293242
-0.606874
-0.020905
-0.098525
-0.012020
0.055290
0.317965
0.043652
0.046524
0.032464
0.053147
-0.155244
0.006644
-0.458054
0.409355
0.017013
0.303767
0.270570
0.032874
-0.166243
0.063060
-0.000075
0.102824
0.097793
0.048403
-0.087416
0.102617
-0.067218
-0.005502
-0.060369
-0.039032
0.116595
-0.032766
0.093678
0.050626
-0.083561
0.120762
-0.001159
-0.112871
0.131886
-0.009614
-0.091411
-0.104813
0.016107
0.007192
-0.079940
0.100530
-0.036962
-0.021155
-0.063396
-0.002233
0.026160
-0.027888
-0.499221
-0.104267
-0.006512
-0.559028
-0.339806
-0.664968
-0.428470
0.246802
-0.594703
-0.183976
-1.238418
-0.590064
0.556935
0.081044
0.394329
0.213351
0.119666
0.017722
-0.577957
-0.799888
0.021977
0.244148
-0.268565
-0.132173
0.471884
0.423975
0.122883
-0.342149
0.040542
-0.348805
-0.365221
0.212763
0.026921
-0.094484
-0.089826
0.035735
-0.047705
0.021984
0.197670
-0.166822
-0.007959
0.139599
0.038023
0.154085
-0.158882
0.161257
-0.157211
-0.133122
0.061405
-0.213491
0.227923
0.172863
0.085582
0.006475
0.267211
-0.096235
-0.068290
0.084353
-0.245717
0.072762
-0.052417
0.077390
-0.036415
0.024425
-0.345892
-0.850859
0.046552
-0.176188
0.033186
-0.315534
-0.069716
0.229479
-0.039440
-0.152336
0.034417
0.273094
-0.141812
0.110724
-0.127837
0.204601
0.013002
-0.395599
0.140071
0.325836
0.079847
0.067553
0.486451
-0.043889
-0.182234
0.049767
-0.182930
0.045199
0.335739
-0.198713
-0.068012
0.048071
0.008961
-0.064292
-0.334699
0.117758
-0.319059
0.027995
0.193615
-0.094041
-0.184136
-0.060604
-0.156619
-0.003716
-0.011903
0.131183
-0.160667
0.086893
0.215497
0.192297
0.102835
0.047859
-0.104606
0.194351
-0.254531
-0.077509
-0.106744
-0.154929
0.116826
-0.003839
-0.205555
0.171790
-0.384873
0.081776
-0.062624
-0.103500
0.109416
0.028870
0.029255
0.031123
0.065943
-0.097818
0.021227
-0.076329
0.077407
-0.077662
0.102642
-0.109339
-0.029037
-0.030213
0.080768
0.003060
0.117080
0.023015
0.116504
0.072949
0.072534
-0.082588
-0.052864
-0.080460
-0.029374
0.066438
-0.014268
-0.059330
-0.020797
-0.061154
0.071378
0.097821
-0.104476
0.082789
-0.242573
-0.010122
0.237595
-0.249999
0.110848
-0.065350
0.167541
0.141156
0.069632
0.135509
-0.165055
-0.097794
0.070853
0.038287
0.245815
-0.085945
0.011887
-0.003255
-0.164019
-0.045684
0.123675
0.040694
0.029881
0.192032
-0.180533
0.163639
0.080626
0.068436
0.132825
0.383293
0.068441
0.082487
-0.499831
-0.189621
0.268223
-0.357780
-0.088044
-0.250537
-0.609435
-0.364006
0.520110
0.304146
-0.201641
-0.085669
-0.098513
0.165199
-0.152627
-0.350861
-0.043202
0.521768
-0.700636
0.063062
0.352604
-0.213903
0.139128
-0.167048
-0.529285
0.226608
-0.550291
0.041102
0.183275
-0.232137
-0.034525
0.153744
-0.781794
-0.048839
0.262444
0.007194
-0.059812
-0.074009
-0.262737
0.037589
-0.450455
0.216883
0.087612
-0.089044
0.031696
0.503914
-0.110030
-0.531732
0.212118
-0.010292
-0.347999
0.068346
-0.353245
-0.076981
0.391417
0.443625
-0.047813
0.377600
-0.077636
0.309731
-0.605789
-0.936685
0.112798
-0.471493
-0.524682
-0.889684
0.163252
-0.015381
0.069501
-0.800679
0.073731
0.110344
0.080245
-0.107104
-0.098397
-0.071410
-0.311608
-0.113714
-0.435939
-0.072357
-0.235846
-0.151003
-0.273542
-0.058394
0.060114
0.543957
-0.255617
0.346529
0.434513
-0.163061
-0.293646
0.093805
0.025073
-0.011970
0.189652
-0.007779
0.586185
0.340788
-0.320043
0.258937
-0.109467
0.222704
-0.283350
-0.211318
0.339472
0.288419
-0.048102
0.085708
-0.134748
0.200167
-0.411295
0.018568
0.117260
-0.168618
0.380805
0.033072
0.327754
-0.283800
0.064896
-0.536768
0.024557
-0.684719
0.090764
0.156833
-0.598845
-1.065782
0.122944
-0.162760
0.048949
-0.490705
0.152526
-0.221875
-0.300567
-0.321857
0.027858
0.097799
-0.218958
-0.070953
-0.177648
-0.125485
-0.271617
-0.665682
0.002000
0.279356
-0.157202
0.053855
0.412246
-0.001671
-0.143832
0.338485
-0.265822
-0.035045
-0.062409
-0.336393
0.238213
-0.180798
-0.057566
0.105116
0.176843
-0.063827
0.179004
0.073689
-0.583539
0.271052
0.047293
0.101141
-0.332401
-0.076310
0.359516
0.211252
0.011482
0.312111
-0.117985
0.114807
-0.409002
0.247604
0.171251
0.094896
0.300121
-0.103329
0.350042
-0.290188
-0.300301
-0.531741
-0.041617
-0.535518
0.016032
0.019819
0.075653
-0.201898
-0.113730
-0.044213
-0.232627
-0.016107
0.066820
0.097715
-0.160532
0.033399
-0.239313
0.214381
-0.008870
0.124031
0.155182
0.079572
0.226721
0.035517
0.135549
-0.121968
-0.003856
-0.051281
-0.104093
-0.129316
-0.120659
-0.071820
0.201840
0.240443
0.169835
0.228592
-0.402159
0.092627
-0.431678
-0.443567
0.044589
-0.386678
0.282266
-0.132923
-0.006135
0.604751
-0.237171
-0.072313
-0.506985
-0.088190
0.134542
-0.020541
0.384842
0.183759
0.090821
0.253631
-0.163341
0.247656
0.213737
-0.018735
0.132155
-0.075990
-0.018244
-0.058750
-0.136920
0.016503
0.404084
-0.224341
-0.192279
0.073823
-0.203939
-0.167730
-0.017770
0.068930
-0.364657
-0.156626
0.281509
0.036238
-0.061628
-0.042854
-0.299379
-0.117523
0.323118
0.316010
0.065871
-0.087345
-0.166188
0.203889
-0.201132
-0.389084
0.034675
0.080818
0.138485
-0.066835
0.443548
0.152267
0.069619
0.324428
0.328672
0.269472
-0.133214
-0.062682
0.036922
0.043913
0.139553
-0.026028
-0.112835
-0.112234
0.067099
0.010878
-0.032697
-0.090894
0.044704
-0.006861
-0.040444
-0.064364
-0.098702
0.030492
-0.008757
-0.103585
0.063019
0.073437
-0.017426
-0.152377
-0.003917
0.002673
0.147756
-0.100226
-0.062544
-0.088658
-0.068108
-0.096795
0.053550
-0.065006
0.164094
-0.042796
0.086961
-0.068740
-0.172182
0.155519
-0.213869
0.250320
0.000111
0.372019
-0.132900
0.021800
-0.114958
0.349294
-0.122724
0.197418
0.234975
0.131709
0.181666
0.001219
0.088488
0.380098
0.551506
0.065064
-0.146179
-0.192007
-0.556893
-0.089490
0.040759
-0.321242
-0.080426
0.221724
-0.101412
0.043360
-0.100633
-0.056953
0.013330
-0.039220
0.242649
0.007201
0.188154
0.016946
0.228568
-0.030853
0.177014
-0.063258
-0.078494
0.085176
0.046691
-0.033794
-0.014771
0.045693
0.126961
-0.097553
0.153259
0.054398
0.396113
0.133642
-0.078539
0.175634
-0.102869
0.101276
0.215937
-0.088208
-0.319678
-0.014937
-0.239108
-0.214590
0.010860
-0.080993
0.194286
0.198193
0.005193
-0.014438
-0.471005
-0.020927
0.222005
0.327094
0.269884
0.318882
0.209615
-0.214215
-0.635983
-0.261129
0.103560
-0.351540
0.191305
-0.032987
0.545571
-0.167481
0.182068
-0.139132
-0.004761
-0.098973
0.009250
0.217744
-0.023163
-0.313241
-0.236546
-0.096709
-0.244677
-0.129141
0.311640
0.014915
0.007900
0.147787
0.043951
0.118741
-0.137819
0.182329
-0.290736
-0.122286
0.061922
0.022019
0.149656
0.167210
-0.110302
0.039233
0.008575
-0.104798
-0.018849
-0.020451
-0.213865
0.113005
-0.100596
0.001935
-0.017518
-0.064338
0.046354
-0.088073
-0.033803
-0.065956
-0.048581
-0.031261
-0.059951
0.066025
-0.001778
-0.081960
-0.118795
-0.074151
0.048975
0.020234
0.087933
-0.094004
-0.083669
0.011985
0.076785
-0.071537
0.113447
0.095830
-0.058854
-0.030223
0.106931
-0.005942
-0.003377
0.012559
0.106650
-0.115804
0.059051
-0.060698
0.210967
-0.038295
-0.108847
0.086924
-0.101615
0.141460
0.295798
-0.212629
0.113285
0.108894
0.198503
0.070165
-0.063587
0.099083
-0.062056
-0.030237
-0.098672
-0.061577
0.048517
0.137300
0.234277
0.070118
0.004981
-0.100161
0.115988
0.208599
-0.019081
0.181327
0.123438
0.156797
0.039294
0.024027
0.427374
0.055790
-0.252385
-0.030888
-0.335864
-0.101135
-0.032773
-0.280708
-0.149401
0.289913
0.141350
0.138052
0.107322
0.126682
-0.107804
-0.199160
0.184433
-0.324980
0.127651
0.466931
0.033569
0.262087
0.074821
-0.072790
-0.306460
0.116961
-0.616296
0.165228
-0.287606
0.109450
-0.231766
-0.161473
0.520568
0.014072
0.203996
0.204728
-0.368921
-0.044333
0.382278
-0.041539
-0.070498
0.550647
-0.463754
-0.349464
-0.273845
0.154674
0.207810
-0.405652
-0.161558
0.401579
0.266964
-0.128870
-0.022833
0.326205
0.193206
-0.107951
-0.393031
-0.010275
-0.457679
0.455222
0.151875
0.329394
0.034557
-0.080166
-0.090301
-0.010721
-0.214075
-0.310945
-0.144388
0.127456
0.340418
-0.047513
0.200391
-0.007162
-0.495336
-0.474501
0.554145
0.285529
0.440701
0.120309
0.083514
-0.115534
-0.656950
-0.266764
-0.265929
-0.106369
0.076395
0.084813
0.601711
-0.064785
-0.110407
-0.040217
0.101400
0.088862
-0.039796
0.320330
-0.017970
0.255685
0.126717
0.377804
0.497755
0.169483
-0.096765
0.075037
0.219242
0.264493
-0.061152
-0.023567
-0.260051
0.111475
-0.219387
0.215940
-0.027887
-0.008934
-0.112671
0.034583
0.169083
-0.099249
0.187085
-0.111279
-0.278665
-0.384092
0.318411
-0.816048
-0.424115
-0.237339
0.181839
-0.152590
-0.401361
0.375320
-0.225199
-0.467147
0.124577
-0.528845
0.375736
-0.313568
-0.134282
-0.418196
-0.129377
-0.509095
0.219989
0.185599
0.175990
0.027802
-0.188064
-0.435576
-0.733839
-0.622879
-0.036703
-0.475989
0.274851
0.083416
0.807299
0.148922
0.310779
-0.002611
-0.264173
-0.046106
0.390903
-0.022992
-0.026697
-0.094881
-0.239362
0.333274
0.184488
0.055378
-0.056294
0.168129
0.142483
-0.027456
-0.005752
0.048006
0.118765
-0.020230
-0.331500
0.087195
-0.106239
0.008677
-0.192917
-0.091371
0.032189
-0.243896
-0.070032
-0.010005
-0.236065
0.113715
0.448988
-0.484966
0.007461
-0.342745
-0.116647
0.008101
0.068346
-0.252106
0.076397
0.049205
-0.175631
0.086949
0.327431
0.182468
-0.148554
0.341523
-0.055512
-0.031276
-0.140652
0.228634
-0.007316
0.022104
-0.127609
0.054665
0.225428
-0.051065
0.061511
-0.046299
0.240778
-0.065982
-0.147406
-0.054176
-0.247648
0.230769
0.082732
0.095599
0.003822
0.013524
-0.201650
-0.133853
-0.154585
-0.301724
0.033445
0.079094
0.254451
0.488010
-0.377761
0.292560
-0.528159
-0.280230
0.099895
0.213639
0.438021
0.368678
0.388224
0.085581
-0.140002
-0.390208
0.091754
-0.126064
0.214155
0.040269
0.264480
-0.571214
0.128788
-0.182720
-0.000674
-0.148185
0.063031
0.263208
